0 | 4 | S=(0,0);(0,1);(0,2) | I= | sp=1,1,22 | ip=
0 | 4 | S=(0,0);(0,1);(0,2) | I= | sp=1,1,32 | ip=
0 | 4 | S=(0,0);(0,1);(0,2) | I= | sp=1,1,42 | ip=
0 | 4 | S=(0,0);(0,1);(0,2) | I= | sp=1,1,92 | ip=
0 | 4 | S=(0,0);(0,1);(0,2) | I= | sp=1,1,882 | ip=
0 | 4 | S=(0,0);(0,1);(0,2) | I= | sp=1,912,912 | ip=
0 | 6 | S=(0,0);(0,1);(0,2) | I= | sp=1,1,24 | ip=
0 | 6 | S=(0,0);(0,1);(0,2) | I= | sp=1,1,34 | ip=
0 | 6 | S=(0,0);(0,1);(0,2) | I= | sp=1,1,44 | ip=
0 | 6 | S=(0,0);(0,1);(0,2) | I= | sp=1,1,54 | ip=
0 | 6 | S=(0,0);(0,1);(0,2) | I= | sp=1,1,884 | ip=
0 | 6 | S=(0,0);(0,1);(0,2) | I= | sp=1,1,911 | ip=
0 | 6 | S=(0,0);(0,1);(0,2) | I= | sp=1,1,913 | ip=
0 | 6 | S=(0,0);(0,1);(0,2) | I= | sp=1,1,935 | ip=
0 | 6 | S=(0,0);(0,1);(0,2) | I= | sp=1,1,944 | ip=
0 | 6 | S=(0,0);(0,1);(0,2) | I= | sp=1,1,955 | ip=
0 | 6 | S=(0,0);(0,1);(0,2) | I= | sp=1,1,993 | ip=
0 | 6 | S=(0,0);(0,1);(0,2) | I= | sp=1,1,994 | ip=
0 | 6 | S=(0,0);(0,1);(0,2) | I= | sp=1,1,9914 | ip=
0 | 6 | S=(0,0);(0,1);(0,2) | I= | sp=1,1,9917 | ip=
0 | 6 | S=(0,0);(0,1);(0,2) | I= | sp=1,1,99920 | ip=
0 | 6 | S=(0,0);(0,1);(0,2) | I= | sp=1,22,23 | ip=
0 | 6 | S=(0,0);(0,1);(0,2) | I= | sp=1,22,33 | ip=
0 | 6 | S=(0,0);(0,1);(0,2) | I= | sp=1,22,43 | ip=
0 | 6 | S=(0,0);(0,1);(0,2) | I= | sp=1,22,53 | ip=
0 | 6 | S=(0,0);(0,1);(0,2) | I= | sp=1,22,331 | ip=
0 | 6 | S=(0,0);(0,1);(0,2) | I= | sp=1,883,22 | ip=
0 | 6 | S=(0,0);(0,1);(0,2) | I= | sp=1,22,915 | ip=
0 | 6 | S=(0,0);(0,1);(0,2) | I= | sp=1,22,943 | ip=
0 | 6 | S=(0,0);(0,1);(0,2) | I= | sp=1,22,99910 | ip=
0 | 6 | S=(0,0);(0,1);(0,2) | I= | sp=1,882,23 | ip=
0 | 6 | S=(0,0);(0,1);(0,2) | I= | sp=1,882,33 | ip=
0 | 6 | S=(0,0);(0,1);(0,2) | I= | sp=1,882,43 | ip=
0 | 6 | S=(0,0);(0,1);(0,2) | I= | sp=1,882,53 | ip=
0 | 6 | S=(0,0);(0,1);(0,2) | I= | sp=1,93,912 | ip=
0 | 6 | S=(0,0);(0,1);(0,2) | I= | sp=1,97,97 | ip=
0 | 6 | S=(0,0);(0,1);(0,2) | I= | sp=1,97,958 | ip=
0 | 6 | S=(0,0);(0,1);(0,2) | I= | sp=1,98,934 | ip=
0 | 6 | S=(0,0);(0,1);(0,2) | I= | sp=1,882,331 | ip=
0 | 6 | S=(0,0);(0,1);(0,2) | I= | sp=1,882,883 | ip=
0 | 6 | S=(0,0);(0,1);(0,2) | I= | sp=1,882,915 | ip=
0 | 6 | S=(0,0);(0,1);(0,2) | I= | sp=1,882,943 | ip=
0 | 6 | S=(0,0);(0,1);(0,2) | I= | sp=1,882,99910 | ip=
0 | 6 | S=(0,0);(0,1);(0,2) | I= | sp=1,912,925 | ip=
0 | 6 | S=(0,0);(0,1);(0,2) | I= | sp=1,912,956 | ip=
0 | 6 | S=(0,0);(0,1);(0,2) | I= | sp=1,912,9913 | ip=
0 | 6 | S=(0,0);(0,1);(0,2) | I= | sp=1,934,938 | ip=
0 | 6 | S=(0,0);(0,1);(0,2) | I= | sp=1,958,958 | ip=
0 | 6 | S=(0,0);(0,1);(0,2) | I= | sp=22,22,22 | ip=
0 | 6 | S=(0,0);(0,1);(0,2) | I= | sp=882,22,22 | ip=
0 | 6 | S=(0,0);(0,1);(0,2) | I= | sp=22,97,912 | ip=
0 | 6 | S=(0,0);(0,1);(0,2) | I= | sp=882,882,22 | ip=
0 | 6 | S=(0,0);(0,1);(0,2) | I= | sp=22,912,958 | ip=
0 | 6 | S=(0,0);(0,1);(0,2) | I= | sp=23,912,912 | ip=
0 | 6 | S=(0,0);(0,1);(0,2) | I= | sp=33,912,912 | ip=
0 | 6 | S=(0,0);(0,1);(0,2) | I= | sp=912,912,43 | ip=
0 | 6 | S=(0,0);(0,1);(0,2) | I= | sp=912,912,53 | ip=
0 | 6 | S=(0,0);(0,1);(0,2) | I= | sp=882,97,912 | ip=
0 | 6 | S=(0,0);(0,1);(0,2) | I= | sp=912,912,331 | ip=
0 | 6 | S=(0,0);(0,1);(0,2) | I= | sp=882,882,882 | ip=
0 | 6 | S=(0,0);(0,1);(0,2) | I= | sp=882,912,958 | ip=
0 | 6 | S=(0,0);(0,1);(0,2) | I= | sp=883,912,912 | ip=
0 | 6 | S=(0,0);(0,1);(0,2) | I= | sp=912,912,915 | ip=
0 | 6 | S=(0,0);(0,1);(0,2) | I= | sp=912,912,943 | ip=
0 | 6 | S=(0,0);(0,1);(0,2) | I= | sp=912,912,99910 | ip=
0 | 7 | S=(0,0);(0,1);(0,2) | I= | sp=1,1,35 | ip=
0 | 7 | S=(0,0);(0,1);(0,2) | I= | sp=1,1,45 | ip=
0 | 7 | S=(0,0);(0,1);(0,2) | I= | sp=1,1,55 | ip=
0 | 7 | S=(0,0);(0,1);(0,2) | I= | sp=1,1,96 | ip=
0 | 7 | S=(0,0);(0,1);(0,2) | I= | sp=1,1,99 | ip=
0 | 7 | S=(0,0);(0,1);(0,2) | I= | sp=1,1,885 | ip=
0 | 7 | S=(0,0);(0,1);(0,2) | I= | sp=1,1,926 | ip=
0 | 7 | S=(0,0);(0,1);(0,2) | I= | sp=1,1,933 | ip=
0 | 7 | S=(0,0);(0,1);(0,2) | I= | sp=1,1,945 | ip=
0 | 7 | S=(0,0);(0,1);(0,2) | I= | sp=1,1,951 | ip=
0 | 7 | S=(0,0);(0,1);(0,2) | I= | sp=1,1,995 | ip=
0 | 7 | S=(0,0);(0,1);(0,2) | I= | sp=1,1,9916 | ip=
0 | 7 | S=(0,0);(0,1);(0,2) | I= | sp=1,1,99930 | ip=
0 | 7 | S=(0,0);(0,1);(0,2) | I= | sp=1,23,23 | ip=
0 | 7 | S=(0,0);(0,1);(0,2) | I= | sp=1,23,33 | ip=
0 | 7 | S=(0,0);(0,1);(0,2) | I= | sp=1,883,23 | ip=
0 | 7 | S=(0,0);(0,1);(0,2) | I= | sp=1,882,24 | ip=
0 | 7 | S=(0,0);(0,1);(0,2) | I= | sp=1,33,33 | ip=
0 | 7 | S=(0,0);(0,1);(0,2) | I= | sp=1,883,33 | ip=
0 | 7 | S=(0,0);(0,1);(0,2) | I= | sp=1,882,34 | ip=
0 | 7 | S=(0,0);(0,1);(0,2) | I= | sp=1,882,44 | ip=
0 | 7 | S=(0,0);(0,1);(0,2) | I= | sp=1,882,54 | ip=
0 | 7 | S=(0,0);(0,1);(0,2) | I= | sp=1,93,97 | ip=
0 | 7 | S=(0,0);(0,1);(0,2) | I= | sp=1,97,925 | ip=
0 | 7 | S=(0,0);(0,1);(0,2) | I= | sp=1,97,9913 | ip=
0 | 7 | S=(0,0);(0,1);(0,2) | I= | sp=1,98,924 | ip=
0 | 7 | S=(0,0);(0,1);(0,2) | I= | sp=1,882,884 | ip=
0 | 7 | S=(0,0);(0,1);(0,2) | I= | sp=1,882,911 | ip=
0 | 7 | S=(0,0);(0,1);(0,2) | I= | sp=1,882,944 | ip=
0 | 7 | S=(0,0);(0,1);(0,2) | I= | sp=1,882,993 | ip=
0 | 7 | S=(0,0);(0,1);(0,2) | I= | sp=1,882,9914 | ip=
0 | 7 | S=(0,0);(0,1);(0,2) | I= | sp=1,882,99920 | ip=
0 | 7 | S=(0,0);(0,1);(0,2) | I= | sp=1,883,883 | ip=
0 | 7 | S=(0,0);(0,1);(0,2) | I= | sp=882,882,23 | ip=
0 | 7 | S=(0,0);(0,1);(0,2) | I= | sp=882,882,33 | ip=
0 | 7 | S=(0,0);(0,1);(0,2) | I= | sp=882,97,97 | ip=
0 | 7 | S=(0,0);(0,1);(0,2) | I= | sp=882,882,883 | ip=
0 | 8 | S=(0,0);(0,1);(0,2) | I= | sp=1,1,94 | ip=
0 | 8 | S=(0,0);(0,1);(0,2) | I= | sp=1,1,886 | ip=
0 | 8 | S=(0,0);(0,1);(0,2) | I= | sp=1,1,910 | ip=
0 | 8 | S=(0,0);(0,1);(0,2) | I= | sp=1,1,919 | ip=
0 | 8 | S=(0,0);(0,1);(0,2) | I= | sp=1,1,930 | ip=
0 | 8 | S=(0,0);(0,1);(0,2) | I= | sp=1,1,931 | ip=
0 | 8 | S=(0,0);(0,1);(0,2) | I= | sp=1,1,946 | ip=
0 | 8 | S=(0,0);(0,1);(0,2) | I= | sp=1,1,954 | ip=
0 | 8 | S=(0,0);(0,1);(0,2) | I= | sp=1,1,996 | ip=
0 | 8 | S=(0,0);(0,1);(0,2) | I= | sp=1,1,997 | ip=
0 | 8 | S=(0,0);(0,1);(0,2) | I= | sp=1,1,9915 | ip=
0 | 8 | S=(0,0);(0,1);(0,2) | I= | sp=1,23,24 | ip=
0 | 8 | S=(0,0);(0,1);(0,2) | I= | sp=1,23,34 | ip=
0 | 8 | S=(0,0);(0,1);(0,2) | I= | sp=1,23,44 | ip=
0 | 8 | S=(0,0);(0,1);(0,2) | I= | sp=1,23,54 | ip=
0 | 8 | S=(0,0);(0,1);(0,2) | I= | sp=1,884,23 | ip=
0 | 8 | S=(0,0);(0,1);(0,2) | I= | sp=1,23,911 | ip=
0 | 8 | S=(0,0);(0,1);(0,2) | I= | sp=1,23,944 | ip=
0 | 8 | S=(0,0);(0,1);(0,2) | I= | sp=1,23,993 | ip=
0 | 8 | S=(0,0);(0,1);(0,2) | I= | sp=1,23,9914 | ip=
0 | 8 | S=(0,0);(0,1);(0,2) | I= | sp=1,23,99920 | ip=
0 | 8 | S=(0,0);(0,1);(0,2) | I= | sp=1,33,24 | ip=
0 | 8 | S=(0,0);(0,1);(0,2) | I= | sp=1,883,24 | ip=
0 | 8 | S=(0,0);(0,1);(0,2) | I= | sp=1,33,34 | ip=
0 | 8 | S=(0,0);(0,1);(0,2) | I= | sp=1,33,44 | ip=
0 | 8 | S=(0,0);(0,1);(0,2) | I= | sp=1,33,54 | ip=
0 | 8 | S=(0,0);(0,1);(0,2) | I= | sp=1,884,33 | ip=
0 | 8 | S=(0,0);(0,1);(0,2) | I= | sp=1,33,911 | ip=
0 | 8 | S=(0,0);(0,1);(0,2) | I= | sp=1,33,944 | ip=
0 | 8 | S=(0,0);(0,1);(0,2) | I= | sp=1,33,993 | ip=
0 | 8 | S=(0,0);(0,1);(0,2) | I= | sp=1,33,9914 | ip=
0 | 8 | S=(0,0);(0,1);(0,2) | I= | sp=1,33,99920 | ip=
0 | 8 | S=(0,0);(0,1);(0,2) | I= | sp=1,883,34 | ip=
0 | 8 | S=(0,0);(0,1);(0,2) | I= | sp=1,882,35 | ip=
0 | 8 | S=(0,0);(0,1);(0,2) | I= | sp=1,883,44 | ip=
0 | 8 | S=(0,0);(0,1);(0,2) | I= | sp=1,882,45 | ip=
0 | 8 | S=(0,0);(0,1);(0,2) | I= | sp=1,883,54 | ip=
0 | 8 | S=(0,0);(0,1);(0,2) | I= | sp=1,882,55 | ip=
0 | 8 | S=(0,0);(0,1);(0,2) | I= | sp=1,93,93 | ip=
0 | 8 | S=(0,0);(0,1);(0,2) | I= | sp=1,93,925 | ip=
0 | 8 | S=(0,0);(0,1);(0,2) | I= | sp=1,93,9913 | ip=
0 | 8 | S=(0,0);(0,1);(0,2) | I= | sp=1,882,96 | ip=
0 | 8 | S=(0,0);(0,1);(0,2) | I= | sp=1,97,952 | ip=
0 | 8 | S=(0,0);(0,1);(0,2) | I= | sp=1,97,9912 | ip=
0 | 8 | S=(0,0);(0,1);(0,2) | I= | sp=1,98,918 | ip=
0 | 8 | S=(0,0);(0,1);(0,2) | I= | sp=1,882,99 | ip=
0 | 8 | S=(0,0);(0,1);(0,2) | I= | sp=1,882,885 | ip=
0 | 8 | S=(0,0);(0,1);(0,2) | I= | sp=1,882,926 | ip=
0 | 8 | S=(0,0);(0,1);(0,2) | I= | sp=1,882,933 | ip=
0 | 8 | S=(0,0);(0,1);(0,2) | I= | sp=1,882,945 | ip=
0 | 8 | S=(0,0);(0,1);(0,2) | I= | sp=1,882,951 | ip=
0 | 8 | S=(0,0);(0,1);(0,2) | I= | sp=1,882,995 | ip=
0 | 8 | S=(0,0);(0,1);(0,2) | I= | sp=1,882,9916 | ip=
0 | 8 | S=(0,0);(0,1);(0,2) | I= | sp=1,882,99930 | ip=
0 | 8 | S=(0,0);(0,1);(0,2) | I= | sp=1,883,884 | ip=
0 | 8 | S=(0,0);(0,1);(0,2) | I= | sp=1,883,911 | ip=
0 | 8 | S=(0,0);(0,1);(0,2) | I= | sp=1,883,944 | ip=
0 | 8 | S=(0,0);(0,1);(0,2) | I= | sp=1,883,993 | ip=
0 | 8 | S=(0,0);(0,1);(0,2) | I= | sp=1,883,9914 | ip=
0 | 8 | S=(0,0);(0,1);(0,2) | I= | sp=1,883,99920 | ip=
0 | 8 | S=(0,0);(0,1);(0,2) | I= | sp=1,924,929 | ip=
0 | 8 | S=(0,0);(0,1);(0,2) | I= | sp=1,925,925 | ip=
0 | 8 | S=(0,0);(0,1);(0,2) | I= | sp=1,9913,925 | ip=
0 | 8 | S=(0,0);(0,1);(0,2) | I= | sp=1,9913,9913 | ip=
0 | 8 | S=(0,0);(0,1);(0,2) | I= | sp=882,23,23 | ip=
0 | 8 | S=(0,0);(0,1);(0,2) | I= | sp=882,23,33 | ip=
0 | 8 | S=(0,0);(0,1);(0,2) | I= | sp=23,97,97 | ip=
0 | 8 | S=(0,0);(0,1);(0,2) | I= | sp=882,883,23 | ip=
0 | 8 | S=(0,0);(0,1);(0,2) | I= | sp=882,882,24 | ip=
0 | 8 | S=(0,0);(0,1);(0,2) | I= | sp=882,33,33 | ip=
0 | 8 | S=(0,0);(0,1);(0,2) | I= | sp=33,97,97 | ip=
0 | 8 | S=(0,0);(0,1);(0,2) | I= | sp=882,883,33 | ip=
0 | 8 | S=(0,0);(0,1);(0,2) | I= | sp=882,882,34 | ip=
0 | 8 | S=(0,0);(0,1);(0,2) | I= | sp=882,882,44 | ip=
0 | 8 | S=(0,0);(0,1);(0,2) | I= | sp=882,882,54 | ip=
0 | 8 | S=(0,0);(0,1);(0,2) | I= | sp=882,93,97 | ip=
0 | 8 | S=(0,0);(0,1);(0,2) | I= | sp=883,97,97 | ip=
0 | 8 | S=(0,0);(0,1);(0,2) | I= | sp=882,97,925 | ip=
0 | 8 | S=(0,0);(0,1);(0,2) | I= | sp=882,97,9913 | ip=
0 | 8 | S=(0,0);(0,1);(0,2) | I= | sp=882,98,924 | ip=
0 | 8 | S=(0,0);(0,1);(0,2) | I= | sp=882,882,884 | ip=
0 | 8 | S=(0,0);(0,1);(0,2) | I= | sp=882,882,911 | ip=
0 | 8 | S=(0,0);(0,1);(0,2) | I= | sp=882,882,944 | ip=
0 | 8 | S=(0,0);(0,1);(0,2) | I= | sp=882,882,993 | ip=
0 | 8 | S=(0,0);(0,1);(0,2) | I= | sp=882,882,9914 | ip=
0 | 8 | S=(0,0);(0,1);(0,2) | I= | sp=882,882,99920 | ip=
0 | 8 | S=(0,0);(0,1);(0,2) | I= | sp=882,883,883 | ip=
0 | 12 | S=(0,0);(0,1);(0,2) | I= | sp=1,1,8810 | ip=
0 | 12 | S=(0,0);(0,1);(0,2) | I= | sp=1,24,95 | ip=
0 | 12 | S=(0,0);(0,1);(0,2) | I= | sp=1,887,24 | ip=
0 | 12 | S=(0,0);(0,1);(0,2) | I= | sp=1,24,923 | ip=
0 | 12 | S=(0,0);(0,1);(0,2) | I= | sp=1,24,950 | ip=
0 | 12 | S=(0,0);(0,1);(0,2) | I= | sp=1,24,998 | ip=
0 | 12 | S=(0,0);(0,1);(0,2) | I= | sp=1,94,35 | ip=
0 | 12 | S=(0,0);(0,1);(0,2) | I= | sp=1,886,35 | ip=
0 | 12 | S=(0,0);(0,1);(0,2) | I= | sp=1,35,919 | ip=
0 | 12 | S=(0,0);(0,1);(0,2) | I= | sp=1,35,946 | ip=
0 | 12 | S=(0,0);(0,1);(0,2) | I= | sp=1,35,996 | ip=
0 | 12 | S=(0,0);(0,1);(0,2) | I= | sp=1,35,9915 | ip=
0 | 12 | S=(0,0);(0,1);(0,2) | I= | sp=1,94,45 | ip=
0 | 12 | S=(0,0);(0,1);(0,2) | I= | sp=1,886,45 | ip=
0 | 12 | S=(0,0);(0,1);(0,2) | I= | sp=1,45,919 | ip=
0 | 12 | S=(0,0);(0,1);(0,2) | I= | sp=1,45,946 | ip=
0 | 12 | S=(0,0);(0,1);(0,2) | I= | sp=1,45,996 | ip=
0 | 12 | S=(0,0);(0,1);(0,2) | I= | sp=1,45,9915 | ip=
0 | 12 | S=(0,0);(0,1);(0,2) | I= | sp=1,94,55 | ip=
0 | 12 | S=(0,0);(0,1);(0,2) | I= | sp=1,886,55 | ip=
0 | 12 | S=(0,0);(0,1);(0,2) | I= | sp=1,55,919 | ip=
0 | 12 | S=(0,0);(0,1);(0,2) | I= | sp=1,55,946 | ip=
0 | 12 | S=(0,0);(0,1);(0,2) | I= | sp=1,55,996 | ip=
0 | 12 | S=(0,0);(0,1);(0,2) | I= | sp=1,55,9915 | ip=
0 | 12 | S=(0,0);(0,1);(0,2) | I= | sp=1,94,96 | ip=
0 | 12 | S=(0,0);(0,1);(0,2) | I= | sp=1,885,94 | ip=
0 | 12 | S=(0,0);(0,1);(0,2) | I= | sp=1,94,945 | ip=
0 | 12 | S=(0,0);(0,1);(0,2) | I= | sp=1,94,99930 | ip=
0 | 12 | S=(0,0);(0,1);(0,2) | I= | sp=1,884,95 | ip=
0 | 12 | S=(0,0);(0,1);(0,2) | I= | sp=1,886,96 | ip=
0 | 12 | S=(0,0);(0,1);(0,2) | I= | sp=1,96,919 | ip=
0 | 12 | S=(0,0);(0,1);(0,2) | I= | sp=1,96,946 | ip=
0 | 12 | S=(0,0);(0,1);(0,2) | I= | sp=1,96,996 | ip=
0 | 12 | S=(0,0);(0,1);(0,2) | I= | sp=1,96,9915 | ip=
0 | 12 | S=(0,0);(0,1);(0,2) | I= | sp=1,882,889 | ip=
0 | 12 | S=(0,0);(0,1);(0,2) | I= | sp=1,882,949 | ip=
0 | 12 | S=(0,0);(0,1);(0,2) | I= | sp=1,883,948 | ip=
0 | 12 | S=(0,0);(0,1);(0,2) | I= | sp=1,883,999 | ip=
0 | 12 | S=(0,0);(0,1);(0,2) | I= | sp=1,883,8881 | ip=
0 | 12 | S=(0,0);(0,1);(0,2) | I= | sp=1,884,887 | ip=
0 | 12 | S=(0,0);(0,1);(0,2) | I= | sp=1,884,923 | ip=
0 | 12 | S=(0,0);(0,1);(0,2) | I= | sp=1,884,950 | ip=
0 | 12 | S=(0,0);(0,1);(0,2) | I= | sp=1,884,998 | ip=
0 | 12 | S=(0,0);(0,1);(0,2) | I= | sp=1,885,886 | ip=
0 | 12 | S=(0,0);(0,1);(0,2) | I= | sp=1,885,919 | ip=
0 | 12 | S=(0,0);(0,1);(0,2) | I= | sp=1,885,946 | ip=
0 | 12 | S=(0,0);(0,1);(0,2) | I= | sp=1,885,996 | ip=
0 | 12 | S=(0,0);(0,1);(0,2) | I= | sp=1,885,9915 | ip=
0 | 12 | S=(0,0);(0,1);(0,2) | I= | sp=1,886,945 | ip=
0 | 12 | S=(0,0);(0,1);(0,2) | I= | sp=1,886,99930 | ip=
0 | 12 | S=(0,0);(0,1);(0,2) | I= | sp=1,919,945 | ip=
0 | 12 | S=(0,0);(0,1);(0,2) | I= | sp=1,99930,919 | ip=
0 | 12 | S=(0,0);(0,1);(0,2) | I= | sp=1,945,946 | ip=
0 | 12 | S=(0,0);(0,1);(0,2) | I= | sp=1,996,945 | ip=
0 | 12 | S=(0,0);(0,1);(0,2) | I= | sp=1,945,9915 | ip=
0 | 12 | S=(0,0);(0,1);(0,2) | I= | sp=1,99930,946 | ip=
0 | 12 | S=(0,0);(0,1);(0,2) | I= | sp=1,947,947 | ip=
0 | 12 | S=(0,0);(0,1);(0,2) | I= | sp=1,99930,996 | ip=
0 | 12 | S=(0,0);(0,1);(0,2) | I= | sp=1,99930,9915 | ip=
0 | 12 | S=(0,0);(0,1);(0,2) | I= | sp=24,24,24 | ip=
0 | 12 | S=(0,0);(0,1);(0,2) | I= | sp=884,24,24 | ip=
0 | 12 | S=(0,0);(0,1);(0,2) | I= | sp=883,24,35 | ip=
0 | 12 | S=(0,0);(0,1);(0,2) | I= | sp=883,24,45 | ip=
0 | 12 | S=(0,0);(0,1);(0,2) | I= | sp=883,24,55 | ip=
0 | 12 | S=(0,0);(0,1);(0,2) | I= | sp=24,93,9912 | ip=
0 | 12 | S=(0,0);(0,1);(0,2) | I= | sp=882,24,94 | ip=
0 | 12 | S=(0,0);(0,1);(0,2) | I= | sp=883,24,96 | ip=
0 | 12 | S=(0,0);(0,1);(0,2) | I= | sp=882,886,24 | ip=
0 | 12 | S=(0,0);(0,1);(0,2) | I= | sp=882,24,919 | ip=
0 | 12 | S=(0,0);(0,1);(0,2) | I= | sp=882,24,946 | ip=
0 | 12 | S=(0,0);(0,1);(0,2) | I= | sp=882,24,996 | ip=
0 | 12 | S=(0,0);(0,1);(0,2) | I= | sp=882,24,9915 | ip=
0 | 12 | S=(0,0);(0,1);(0,2) | I= | sp=883,885,24 | ip=
0 | 12 | S=(0,0);(0,1);(0,2) | I= | sp=883,24,945 | ip=
0 | 12 | S=(0,0);(0,1);(0,2) | I= | sp=883,24,99930 | ip=
0 | 12 | S=(0,0);(0,1);(0,2) | I= | sp=884,884,24 | ip=
0 | 12 | S=(0,0);(0,1);(0,2) | I= | sp=882,35,35 | ip=
0 | 12 | S=(0,0);(0,1);(0,2) | I= | sp=882,35,45 | ip=
0 | 12 | S=(0,0);(0,1);(0,2) | I= | sp=882,35,55 | ip=
0 | 12 | S=(0,0);(0,1);(0,2) | I= | sp=93,93,35 | ip=
0 | 12 | S=(0,0);(0,1);(0,2) | I= | sp=882,96,35 | ip=
0 | 12 | S=(0,0);(0,1);(0,2) | I= | sp=882,885,35 | ip=
0 | 12 | S=(0,0);(0,1);(0,2) | I= | sp=882,35,945 | ip=
0 | 12 | S=(0,0);(0,1);(0,2) | I= | sp=882,35,99930 | ip=
0 | 12 | S=(0,0);(0,1);(0,2) | I= | sp=883,884,35 | ip=
0 | 12 | S=(0,0);(0,1);(0,2) | I= | sp=882,45,45 | ip=
0 | 12 | S=(0,0);(0,1);(0,2) | I= | sp=882,45,55 | ip=
0 | 12 | S=(0,0);(0,1);(0,2) | I= | sp=93,93,45 | ip=
0 | 12 | S=(0,0);(0,1);(0,2) | I= | sp=882,96,45 | ip=
0 | 12 | S=(0,0);(0,1);(0,2) | I= | sp=882,885,45 | ip=
0 | 12 | S=(0,0);(0,1);(0,2) | I= | sp=882,45,945 | ip=
0 | 12 | S=(0,0);(0,1);(0,2) | I= | sp=882,45,99930 | ip=
0 | 12 | S=(0,0);(0,1);(0,2) | I= | sp=883,884,45 | ip=
0 | 12 | S=(0,0);(0,1);(0,2) | I= | sp=882,55,55 | ip=
0 | 12 | S=(0,0);(0,1);(0,2) | I= | sp=93,93,55 | ip=
0 | 12 | S=(0,0);(0,1);(0,2) | I= | sp=882,96,55 | ip=
0 | 12 | S=(0,0);(0,1);(0,2) | I= | sp=882,885,55 | ip=
0 | 12 | S=(0,0);(0,1);(0,2) | I= | sp=882,55,945 | ip=
0 | 12 | S=(0,0);(0,1);(0,2) | I= | sp=882,55,99930 | ip=
0 | 12 | S=(0,0);(0,1);(0,2) | I= | sp=883,884,55 | ip=
0 | 12 | S=(0,0);(0,1);(0,2) | I= | sp=93,93,96 | ip=
0 | 12 | S=(0,0);(0,1);(0,2) | I= | sp=885,93,93 | ip=
0 | 12 | S=(0,0);(0,1);(0,2) | I= | sp=93,93,945 | ip=
0 | 12 | S=(0,0);(0,1);(0,2) | I= | sp=93,93,99930 | ip=
0 | 12 | S=(0,0);(0,1);(0,2) | I= | sp=883,93,947 | ip=
0 | 12 | S=(0,0);(0,1);(0,2) | I= | sp=884,93,9912 | ip=
0 | 12 | S=(0,0);(0,1);(0,2) | I= | sp=882,884,94 | ip=
0 | 12 | S=(0,0);(0,1);(0,2) | I= | sp=883,883,94 | ip=
0 | 12 | S=(0,0);(0,1);(0,2) | I= | sp=882,883,95 | ip=
0 | 12 | S=(0,0);(0,1);(0,2) | I= | sp=882,96,96 | ip=
0 | 12 | S=(0,0);(0,1);(0,2) | I= | sp=882,885,96 | ip=
0 | 12 | S=(0,0);(0,1);(0,2) | I= | sp=882,96,945 | ip=
0 | 12 | S=(0,0);(0,1);(0,2) | I= | sp=882,96,99930 | ip=
0 | 12 | S=(0,0);(0,1);(0,2) | I= | sp=883,884,96 | ip=
0 | 12 | S=(0,0);(0,1);(0,2) | I= | sp=882,882,948 | ip=
0 | 12 | S=(0,0);(0,1);(0,2) | I= | sp=882,882,999 | ip=
0 | 12 | S=(0,0);(0,1);(0,2) | I= | sp=882,882,8881 | ip=
0 | 12 | S=(0,0);(0,1);(0,2) | I= | sp=882,883,887 | ip=
0 | 12 | S=(0,0);(0,1);(0,2) | I= | sp=882,883,923 | ip=
0 | 12 | S=(0,0);(0,1);(0,2) | I= | sp=882,883,950 | ip=
0 | 12 | S=(0,0);(0,1);(0,2) | I= | sp=882,883,998 | ip=
0 | 12 | S=(0,0);(0,1);(0,2) | I= | sp=882,884,886 | ip=
0 | 12 | S=(0,0);(0,1);(0,2) | I= | sp=882,884,919 | ip=
0 | 12 | S=(0,0);(0,1);(0,2) | I= | sp=882,884,946 | ip=
0 | 12 | S=(0,0);(0,1);(0,2) | I= | sp=882,884,996 | ip=
0 | 12 | S=(0,0);(0,1);(0,2) | I= | sp=882,884,9915 | ip=
0 | 12 | S=(0,0);(0,1);(0,2) | I= | sp=882,885,885 | ip=
0 | 12 | S=(0,0);(0,1);(0,2) | I= | sp=882,885,945 | ip=
0 | 12 | S=(0,0);(0,1);(0,2) | I= | sp=882,885,99930 | ip=
0 | 12 | S=(0,0);(0,1);(0,2) | I= | sp=882,945,945 | ip=
0 | 12 | S=(0,0);(0,1);(0,2) | I= | sp=882,99930,945 | ip=
0 | 12 | S=(0,0);(0,1);(0,2) | I= | sp=882,9912,947 | ip=
0 | 12 | S=(0,0);(0,1);(0,2) | I= | sp=882,99930,99930 | ip=
0 | 12 | S=(0,0);(0,1);(0,2) | I= | sp=883,883,886 | ip=
0 | 12 | S=(0,0);(0,1);(0,2) | I= | sp=883,883,919 | ip=
0 | 12 | S=(0,0);(0,1);(0,2) | I= | sp=883,883,946 | ip=
0 | 12 | S=(0,0);(0,1);(0,2) | I= | sp=883,883,996 | ip=
0 | 12 | S=(0,0);(0,1);(0,2) | I= | sp=883,883,9915 | ip=
0 | 12 | S=(0,0);(0,1);(0,2) | I= | sp=883,884,885 | ip=
0 | 12 | S=(0,0);(0,1);(0,2) | I= | sp=883,884,945 | ip=
0 | 12 | S=(0,0);(0,1);(0,2) | I= | sp=883,884,99930 | ip=
0 | 12 | S=(0,0);(0,1);(0,2) | I= | sp=883,918,922 | ip=
0 | 12 | S=(0,0);(0,1);(0,2) | I= | sp=883,9912,9912 | ip=
0 | 12 | S=(0,0);(0,1);(0,2) | I= | sp=884,884,884 | ip=
