# No-node LST Catalog
# Format: id | NN | structure | T | H | V | grav_anom | det | (s+,s-,s0) | n | IF_flat | latex | nhc
0 | NN | SL:22:1:-2:1 | 3 | 0 | 8 | -194 | 0 | (0,3,1) | 4 | -1,1,0,1,1,-3,1,0,0,1,-1,0,1,0,0,-2 | {\overset{\textcolor{red}{2}}{1}31} | NHC_OK
1 | NN | SL:22:2:-1:1 | 3 | 0 | 8 | -194 | 0 | (0,3,1) | 4 | -1,1,0,0,1,-3,1,1,0,1,-1,0,0,1,0,-1 | {1\overset{\textcolor{red}{1}}{3}1} | NHC_OK
2 | NN | SL:33:1:-3:1 | 5 | 16 | 35 | -147 | 0 | (0,5,1) | 6 | -1,1,0,0,0,1,1,-2,1,0,0,0,0,1,-3,1,0,0,0,0,1,-2,1,0,0,0,0,1,-1,0,1,0,0,0,0,-3 | {\overset{\textcolor{red}{3}}{1}2321} | NHC_OK
3 | NN | SL:33:3:-1:1 | 5 | 16 | 27 | -139 | 0 | (0,5,1) | 6 | -1,1,0,0,0,0,1,-2,1,0,0,0,0,1,-3,1,0,1,0,0,1,-2,1,0,0,0,0,1,-1,0,0,0,1,0,0,-1 | {12\overset{\textcolor{red}{1}}{3}21} | NHC_OK
4 | NN | SL:44:5:-1:1 | 9 | 16 | 86 | -82 | 0 | (0,9,1) | 10 | -1,1,0,0,0,0,0,0,0,0,1,-2,1,0,0,0,0,0,0,0,0,1,-3,1,0,0,0,0,0,0,0,0,1,-1,1,0,0,0,0,0,0,0,0,1,-5,1,0,0,0,1,0,0,0,0,1,-1,1,0,0,0,0,0,0,0,0,1,-3,1,0,0,0,0,0,0,0,0,1,-2,1,0,0,0,0,0,0,0,0,1,-1,0,0,0,0,0,1,0,0,0,0,-1 | {1231\overset{\textcolor{red}{1}}{5}1321} | NHC_OK
5 | NN | SL:55:1:-5:1 | 11 | 16 | 138 | -76 | 0 | (0,11,1) | 12 | -1,1,0,0,0,0,0,0,0,0,0,1,1,-2,1,0,0,0,0,0,0,0,0,0,0,1,-2,1,0,0,0,0,0,0,0,0,0,0,1,-3,1,0,0,0,0,0,0,0,0,0,0,1,-1,1,0,0,0,0,0,0,0,0,0,0,1,-5,1,0,0,0,0,0,0,0,0,0,0,1,-1,1,0,0,0,0,0,0,0,0,0,0,1,-3,1,0,0,0,0,0,0,0,0,0,0,1,-2,1,0,0,0,0,0,0,0,0,0,0,1,-2,1,0,0,0,0,0,0,0,0,0,0,1,-1,0,1,0,0,0,0,0,0,0,0,0,0,-5 | {\overset{\textcolor{red}{5}}{1}2231513221} | NHC_OK
6 | NN | SL:55:6:-1:1 | 11 | 16 | 86 | -24 | 0 | (0,11,1) | 12 | -1,1,0,0,0,0,0,0,0,0,0,0,1,-2,1,0,0,0,0,0,0,0,0,0,0,1,-2,1,0,0,0,0,0,0,0,0,0,0,1,-3,1,0,0,0,0,0,0,0,0,0,0,1,-1,1,0,0,0,0,0,0,0,0,0,0,1,-5,1,0,0,0,0,1,0,0,0,0,0,1,-1,1,0,0,0,0,0,0,0,0,0,0,1,-3,1,0,0,0,0,0,0,0,0,0,0,1,-2,1,0,0,0,0,0,0,0,0,0,0,1,-2,1,0,0,0,0,0,0,0,0,0,0,1,-1,0,0,0,0,0,0,1,0,0,0,0,0,-1 | {12231\overset{\textcolor{red}{1}}{5}13221} | NHC_OK
7 | NN | SL:331:1:-3:1 | 7 | 0 | 76 | -146 | 0 | (0,7,1) | 8 | -1,1,0,0,0,0,0,1,1,-3,1,0,0,0,0,0,0,1,-1,1,0,0,0,0,0,0,1,-5,1,0,0,0,0,0,0,1,-1,1,0,0,0,0,0,0,1,-3,1,0,0,0,0,0,0,1,-1,0,1,0,0,0,0,0,0,-3 | {\overset{\textcolor{red}{3}}{1}315131} | NHC_OK
8 | NN | SL:331:2:-2:1 | 7 | 0 | 68 | -138 | 0 | (0,7,1) | 8 | -1,1,0,0,0,0,0,0,1,-3,1,0,0,0,0,1,0,1,-1,1,0,0,0,0,0,0,1,-5,1,0,0,0,0,0,0,1,-1,1,0,0,0,0,0,0,1,-3,1,0,0,0,0,0,0,1,-1,0,0,1,0,0,0,0,0,-2 | {1\overset{\textcolor{red}{2}}{3}15131} | NHC_OK
9 | NN | SL:331:4:-1:1 | 7 | 0 | 68 | -138 | 0 | (0,7,1) | 8 | -1,1,0,0,0,0,0,0,1,-3,1,0,0,0,0,0,0,1,-1,1,0,0,0,0,0,0,1,-5,1,0,0,1,0,0,0,1,-1,1,0,0,0,0,0,0,1,-3,1,0,0,0,0,0,0,1,-1,0,0,0,0,1,0,0,0,-1 | {131\overset{\textcolor{red}{1}}{5}131} | NHC_OK
10 | NN | SL:23:1:-2:1 | 4 | 8 | 17 | -166 | 0 | (0,4,1) | 5 | -1,1,0,0,1,1,-3,1,0,0,0,1,-2,1,0,0,0,1,-1,0,1,0,0,0,-2 | {\overset{\textcolor{red}{2}}{1}321} | NHC_OK
11 | NN | SL:23:2:-1:1 | 4 | 8 | 17 | -166 | 0 | (0,4,1) | 5 | -1,1,0,0,0,1,-3,1,0,1,0,1,-2,1,0,0,0,1,-1,0,0,1,0,0,-1 | {1\overset{\textcolor{red}{1}}{3}21} | NHC_OK
12 | NN | SL:23:4:-3:1 | 4 | 8 | 25 | -174 | 0 | (0,4,1) | 5 | -1,1,0,0,0,1,-3,1,0,0,0,1,-2,1,0,0,0,1,-1,1,0,0,0,1,-3 | {132\overset{\textcolor{red}{3}}{1}} | NHC_OK
13 | NN | SL:24:1:-2:1 | 5 | 8 | 17 | -137 | 0 | (0,5,1) | 6 | -1,1,0,0,0,1,1,-3,1,0,0,0,0,1,-2,1,0,0,0,0,1,-2,1,0,0,0,0,1,-1,0,1,0,0,0,0,-2 | {\overset{\textcolor{red}{2}}{1}3221} | NHC_OK
14 | NN | SL:24:2:-1:1 | 5 | 8 | 17 | -137 | 0 | (0,5,1) | 6 | -1,1,0,0,0,0,1,-3,1,0,0,1,0,1,-2,1,0,0,0,0,1,-2,1,0,0,0,0,1,-1,0,0,1,0,0,0,-1 | {1\overset{\textcolor{red}{1}}{3}221} | NHC_OK
15 | NN | SL:34:1:-3:1 | 8 | 8 | 85 | -118 | 0 | (0,8,1) | 9 | -1,1,0,0,0,0,0,0,1,1,-3,1,0,0,0,0,0,0,0,1,-1,1,0,0,0,0,0,0,0,1,-5,1,0,0,0,0,0,0,0,1,-1,1,0,0,0,0,0,0,0,1,-3,1,0,0,0,0,0,0,0,1,-2,1,0,0,0,0,0,0,0,1,-1,0,1,0,0,0,0,0,0,0,-3 | {\overset{\textcolor{red}{3}}{1}3151321} | NHC_OK
16 | NN | SL:34:2:-2:1 | 8 | 8 | 77 | -110 | 0 | (0,8,1) | 9 | -1,1,0,0,0,0,0,0,0,1,-3,1,0,0,0,0,0,1,0,1,-1,1,0,0,0,0,0,0,0,1,-5,1,0,0,0,0,0,0,0,1,-1,1,0,0,0,0,0,0,0,1,-3,1,0,0,0,0,0,0,0,1,-2,1,0,0,0,0,0,0,0,1,-1,0,0,1,0,0,0,0,0,0,-2 | {1\overset{\textcolor{red}{2}}{3}151321} | NHC_OK
17 | NN | SL:34:4:-1:1 | 8 | 8 | 77 | -110 | 0 | (0,8,1) | 9 | -1,1,0,0,0,0,0,0,0,1,-3,1,0,0,0,0,0,0,0,1,-1,1,0,0,0,0,0,0,0,1,-5,1,0,0,0,1,0,0,0,1,-1,1,0,0,0,0,0,0,0,1,-3,1,0,0,0,0,0,0,0,1,-2,1,0,0,0,0,0,0,0,1,-1,0,0,0,0,1,0,0,0,0,-1 | {131\overset{\textcolor{red}{1}}{5}1321} | NHC_OK
18 | NN | SL:35:1:-3:1 | 9 | 8 | 85 | -89 | 0 | (0,9,1) | 10 | -1,1,0,0,0,0,0,0,0,1,1,-3,1,0,0,0,0,0,0,0,0,1,-1,1,0,0,0,0,0,0,0,0,1,-5,1,0,0,0,0,0,0,0,0,1,-1,1,0,0,0,0,0,0,0,0,1,-3,1,0,0,0,0,0,0,0,0,1,-2,1,0,0,0,0,0,0,0,0,1,-2,1,0,0,0,0,0,0,0,0,1,-1,0,1,0,0,0,0,0,0,0,0,-3 | {\overset{\textcolor{red}{3}}{1}31513221} | NHC_OK
19 | NN | SL:35:2:-2:1 | 9 | 8 | 77 | -81 | 0 | (0,9,1) | 10 | -1,1,0,0,0,0,0,0,0,0,1,-3,1,0,0,0,0,0,0,1,0,1,-1,1,0,0,0,0,0,0,0,0,1,-5,1,0,0,0,0,0,0,0,0,1,-1,1,0,0,0,0,0,0,0,0,1,-3,1,0,0,0,0,0,0,0,0,1,-2,1,0,0,0,0,0,0,0,0,1,-2,1,0,0,0,0,0,0,0,0,1,-1,0,0,1,0,0,0,0,0,0,0,-2 | {1\overset{\textcolor{red}{2}}{3}1513221} | NHC_OK
20 | NN | SL:35:4:-1:1 | 9 | 8 | 77 | -81 | 0 | (0,9,1) | 10 | -1,1,0,0,0,0,0,0,0,0,1,-3,1,0,0,0,0,0,0,0,0,1,-1,1,0,0,0,0,0,0,0,0,1,-5,1,0,0,0,0,1,0,0,0,1,-1,1,0,0,0,0,0,0,0,0,1,-3,1,0,0,0,0,0,0,0,0,1,-2,1,0,0,0,0,0,0,0,0,1,-2,1,0,0,0,0,0,0,0,0,1,-1,0,0,0,0,1,0,0,0,0,0,-1 | {131\overset{\textcolor{red}{1}}{5}13221} | NHC_OK
21 | NN | SL:35:9:-5:1 | 9 | 8 | 129 | -133 | 0 | (0,9,1) | 10 | -1,1,0,0,0,0,0,0,0,0,1,-3,1,0,0,0,0,0,0,0,0,1,-1,1,0,0,0,0,0,0,0,0,1,-5,1,0,0,0,0,0,0,0,0,1,-1,1,0,0,0,0,0,0,0,0,1,-3,1,0,0,0,0,0,0,0,0,1,-2,1,0,0,0,0,0,0,0,0,1,-2,1,0,0,0,0,0,0,0,0,1,-1,1,0,0,0,0,0,0,0,0,1,-5 | {13151322\overset{\textcolor{red}{5}}{1}} | NHC_OK
22 | NN | SL:45:5:-1:1 | 10 | 16 | 86 | -53 | 0 | (0,10,1) | 11 | -1,1,0,0,0,0,0,0,0,0,0,1,-2,1,0,0,0,0,0,0,0,0,0,1,-3,1,0,0,0,0,0,0,0,0,0,1,-1,1,0,0,0,0,0,0,0,0,0,1,-5,1,0,0,0,0,1,0,0,0,0,1,-1,1,0,0,0,0,0,0,0,0,0,1,-3,1,0,0,0,0,0,0,0,0,0,1,-2,1,0,0,0,0,0,0,0,0,0,1,-2,1,0,0,0,0,0,0,0,0,0,1,-1,0,0,0,0,0,1,0,0,0,0,0,-1 | {1231\overset{\textcolor{red}{1}}{5}13221} | NHC_OK
23 | NN | SL:45:10:-5:1 | 10 | 16 | 138 | -105 | 0 | (0,10,1) | 11 | -1,1,0,0,0,0,0,0,0,0,0,1,-2,1,0,0,0,0,0,0,0,0,0,1,-3,1,0,0,0,0,0,0,0,0,0,1,-1,1,0,0,0,0,0,0,0,0,0,1,-5,1,0,0,0,0,0,0,0,0,0,1,-1,1,0,0,0,0,0,0,0,0,0,1,-3,1,0,0,0,0,0,0,0,0,0,1,-2,1,0,0,0,0,0,0,0,0,0,1,-2,1,0,0,0,0,0,0,0,0,0,1,-1,1,0,0,0,0,0,0,0,0,0,1,-5 | {123151322\overset{\textcolor{red}{5}}{1}} | NHC_OK
24 | NN | SL:991:2:-3:1 | 4 | 8 | 25 | -174 | 0 | (0,4,1) | 5 | -2,0,1,0,0,0,-1,1,0,1,1,1,-3,1,0,0,0,1,-1,0,0,1,0,0,-3 | {2\overset{\overset{\textcolor{red}{3}}{1}}{3}1} | NHC_OK
25 | NN | SL:991:3:-2:1 | 4 | 8 | 17 | -166 | 0 | (0,4,1) | 5 | -2,0,1,0,0,0,-1,1,0,0,1,1,-3,1,1,0,0,1,-1,0,0,0,1,0,-2 | {2\underset{\textcolor{red}{2}}{\overset{1}{3}}1} | NHC_OK
26 | NN | SL:9920:5:-3:1 | 5 | 16 | 35 | -147 | 0 | (0,5,1) | 6 | -1,1,0,0,0,0,1,-2,0,1,0,0,0,0,-2,1,0,0,0,1,1,-3,1,0,0,0,0,1,-1,1,0,0,0,0,1,-3 | {12\overset{2}{3}\overset{\textcolor{red}{3}}{1}} | NHC_OK
27 | NN | SL:91:1:-1:1 | 4 | 8 | 17 | -166 | 0 | (0,4,1) | 5 | -3,0,1,0,1,0,-2,1,0,0,1,1,-2,1,0,0,0,1,-1,0,1,0,0,0,-1 | {\overset{\textcolor{red}{1}}{3}\overset{2}{2}1} | NHC_OK
28 | NN | SL:92:4:-2:1 | 4 | 16 | 27 | -168 | 0 | (0,4,1) | 5 | -2,0,1,0,0,0,-2,1,0,0,1,1,-3,1,0,0,0,1,-1,1,0,0,0,1,-2 | {2\overset{2}{3}\overset{\textcolor{red}{2}}{1}} | NHC_OK
29 | NN | SL:94:1:-1:1 | 7 | 16 | 34 | -88 | 0 | (0,7,1) | 8 | -2,1,0,0,0,0,0,1,1,-3,1,0,0,0,0,0,0,1,-1,1,0,0,0,0,0,0,1,-3,1,0,0,0,0,0,0,1,-2,1,0,0,0,0,0,0,1,-2,1,0,0,0,0,0,0,1,-1,0,1,0,0,0,0,0,0,-1 | {\overset{\textcolor{red}{1}}{2}313221} | NHC_OK
30 | NN | SL:94:2:-2:1 | 7 | 16 | 34 | -88 | 0 | (0,7,1) | 8 | -2,1,0,0,0,0,0,0,1,-3,1,0,0,0,0,1,0,1,-1,1,0,0,0,0,0,0,1,-3,1,0,0,0,0,0,0,1,-2,1,0,0,0,0,0,0,1,-2,1,0,0,0,0,0,0,1,-1,0,0,1,0,0,0,0,0,-2 | {2\overset{\textcolor{red}{2}}{3}13221} | NHC_OK
31 | NN | SL:95:1:-1:1 | 8 | 16 | 24 | -49 | 0 | (0,8,1) | 9 | -2,1,0,0,0,0,0,0,1,1,-2,1,0,0,0,0,0,0,0,1,-3,1,0,0,0,0,0,0,0,1,-1,1,0,0,0,0,0,0,0,1,-3,1,0,0,0,0,0,0,0,1,-2,1,0,0,0,0,0,0,0,1,-2,1,0,0,0,0,0,0,0,1,-1,0,1,0,0,0,0,0,0,0,-1 | {\overset{\textcolor{red}{1}}{2}2313221} | NHC_OK
32 | NN | SL:96:1:-1:1 | 6 | 8 | 25 | -116 | 0 | (0,6,1) | 7 | -3,1,0,0,0,0,1,1,-1,1,0,0,0,0,0,1,-3,1,0,0,0,0,0,1,-2,1,0,0,0,0,0,1,-2,1,0,0,0,0,0,1,-1,0,1,0,0,0,0,0,-1 | {\overset{\textcolor{red}{1}}{3}13221} | NHC_OK
33 | NN | SL:96:6:-5:1 | 6 | 8 | 77 | -168 | 0 | (0,6,1) | 7 | -3,1,0,0,0,0,0,1,-1,1,0,0,0,0,0,1,-3,1,0,0,0,0,0,1,-2,1,0,0,0,0,0,1,-2,1,0,0,0,0,0,1,-1,1,0,0,0,0,0,1,-5 | {31322\overset{\textcolor{red}{5}}{1}} | NHC_OK
34 | NN | SL:99:1:-1:1 | 6 | 16 | 34 | -117 | 0 | (0,6,1) | 7 | -2,1,0,0,0,0,1,1,-3,1,0,0,0,0,0,1,-1,1,0,0,0,0,0,1,-3,1,0,0,0,0,0,1,-2,1,0,0,0,0,0,1,-1,0,1,0,0,0,0,0,-1 | {\overset{\textcolor{red}{1}}{2}31321} | NHC_OK
35 | NN | SL:99:2:-2:1 | 6 | 16 | 34 | -117 | 0 | (0,6,1) | 7 | -2,1,0,0,0,0,0,1,-3,1,0,0,0,1,0,1,-1,1,0,0,0,0,0,1,-3,1,0,0,0,0,0,1,-2,1,0,0,0,0,0,1,-1,0,0,1,0,0,0,0,-2 | {2\overset{\textcolor{red}{2}}{3}1321} | NHC_OK
36 | NN | SL:99:6:-5:1 | 6 | 16 | 86 | -169 | 0 | (0,6,1) | 7 | -2,1,0,0,0,0,0,1,-3,1,0,0,0,0,0,1,-1,1,0,0,0,0,0,1,-3,1,0,0,0,0,0,1,-2,1,0,0,0,0,0,1,-1,1,0,0,0,0,0,1,-5 | {23132\overset{\textcolor{red}{5}}{1}} | NHC_OK
37 | NN | SL:911:1:-1:1 | 5 | 8 | 25 | -145 | 0 | (0,5,1) | 6 | -3,1,0,0,0,1,1,-1,1,0,0,0,0,1,-3,1,0,0,0,0,1,-2,1,0,0,0,0,1,-1,0,1,0,0,0,0,-1 | {\overset{\textcolor{red}{1}}{3}1321} | NHC_OK
38 | NN | SL:913:2:-2:1 | 5 | 8 | 25 | -145 | 0 | (0,5,1) | 6 | -2,1,0,0,0,0,1,-3,1,0,0,1,0,1,-1,1,0,0,0,0,1,-3,1,0,0,0,0,1,-1,0,0,1,0,0,0,-2 | {2\overset{\textcolor{red}{2}}{3}131} | NHC_OK
39 | NN | SL:914:6:-5:1 | 6 | 8 | 77 | -168 | 0 | (0,6,1) | 7 | -2,1,0,0,0,0,0,1,-2,1,0,0,0,0,0,1,-3,1,0,0,0,0,0,1,-1,1,0,0,0,0,0,1,-3,1,0,0,0,0,0,1,-1,1,0,0,0,0,0,1,-5 | {22313\overset{\textcolor{red}{5}}{1}} | NHC_OK
40 | NN | SL:915:1:-1:1 | 4 | 0 | 16 | -173 | 0 | (0,4,1) | 5 | -3,1,0,0,1,1,-1,1,0,0,0,1,-3,1,0,0,0,1,-1,0,1,0,0,0,-1 | {\overset{\textcolor{red}{1}}{3}131} | NHC_OK
41 | NN | SL:915:4:-3:1 | 4 | 0 | 24 | -181 | 0 | (0,4,1) | 5 | -3,1,0,0,0,1,-1,1,0,0,0,1,-3,1,0,0,0,1,-1,1,0,0,0,1,-3 | {313\overset{\textcolor{red}{3}}{1}} | NHC_OK
42 | NN | SL:99910:1:-2:1 | 6 | 0 | 60 | -159 | 0 | (0,6,1) | 7 | -1,0,1,0,0,0,1,0,-1,1,0,0,0,0,1,1,-5,1,0,0,0,0,0,1,-1,1,0,0,0,0,0,1,-3,1,0,0,0,0,0,1,-1,0,1,0,0,0,0,0,-2 | {\overset{\textcolor{red}{2}}{1}\overset{1}{5}131} | NHC_OK
43 | NN | SL:99910:3:-1:1 | 6 | 0 | 60 | -159 | 0 | (0,6,1) | 7 | -1,0,1,0,0,0,0,0,-1,1,0,0,0,0,1,1,-5,1,0,0,1,0,0,1,-1,1,0,0,0,0,0,1,-3,1,0,0,0,0,0,1,-1,0,0,0,1,0,0,0,-1 | {1\underset{\textcolor{red}{1}}{\overset{1}{5}}131} | NHC_OK
44 | NN | SL:99910:5:-2:1 | 6 | 0 | 60 | -159 | 0 | (0,6,1) | 7 | -1,0,1,0,0,0,0,0,-1,1,0,0,0,0,1,1,-5,1,0,0,0,0,0,1,-1,1,0,0,0,0,0,1,-3,1,1,0,0,0,0,1,-1,0,0,0,0,0,1,0,-2 | {1\overset{1}{5}1\overset{\textcolor{red}{2}}{3}1} | NHC_OK
45 | NN | SL:99910:6:-3:1 | 6 | 0 | 68 | -167 | 0 | (0,6,1) | 7 | -1,0,1,0,0,0,0,0,-1,1,0,0,0,0,1,1,-5,1,0,0,0,0,0,1,-1,1,0,0,0,0,0,1,-3,1,0,0,0,0,0,1,-1,1,0,0,0,0,0,1,-3 | {1\overset{1}{5}13\overset{\textcolor{red}{3}}{1}} | NHC_OK
46 | NN | SL:99920:1:-2:1 | 7 | 8 | 69 | -131 | 0 | (0,7,1) | 8 | -1,0,1,0,0,0,0,1,0,-1,1,0,0,0,0,0,1,1,-5,1,0,0,0,0,0,0,1,-1,1,0,0,0,0,0,0,1,-3,1,0,0,0,0,0,0,1,-2,1,0,0,0,0,0,0,1,-1,0,1,0,0,0,0,0,0,-2 | {\overset{\textcolor{red}{2}}{1}\overset{1}{5}1321} | NHC_OK
47 | NN | SL:99920:3:-1:1 | 7 | 8 | 69 | -131 | 0 | (0,7,1) | 8 | -1,0,1,0,0,0,0,0,0,-1,1,0,0,0,0,0,1,1,-5,1,0,0,0,1,0,0,1,-1,1,0,0,0,0,0,0,1,-3,1,0,0,0,0,0,0,1,-2,1,0,0,0,0,0,0,1,-1,0,0,0,1,0,0,0,0,-1 | {1\underset{\textcolor{red}{1}}{\overset{1}{5}}1321} | NHC_OK
48 | NN | SL:99930:1:-2:1 | 8 | 8 | 69 | -102 | 0 | (0,8,1) | 9 | -1,0,1,0,0,0,0,0,1,0,-1,1,0,0,0,0,0,0,1,1,-5,1,0,0,0,0,0,0,0,1,-1,1,0,0,0,0,0,0,0,1,-3,1,0,0,0,0,0,0,0,1,-2,1,0,0,0,0,0,0,0,1,-2,1,0,0,0,0,0,0,0,1,-1,0,1,0,0,0,0,0,0,0,-2 | {\overset{\textcolor{red}{2}}{1}\overset{1}{5}13221} | NHC_OK
49 | NN | SL:99930:3:-1:1 | 8 | 8 | 69 | -102 | 0 | (0,8,1) | 9 | -1,0,1,0,0,0,0,0,0,0,-1,1,0,0,0,0,0,0,1,1,-5,1,0,0,0,0,1,0,0,1,-1,1,0,0,0,0,0,0,0,1,-3,1,0,0,0,0,0,0,0,1,-2,1,0,0,0,0,0,0,0,1,-2,1,0,0,0,0,0,0,0,1,-1,0,0,0,1,0,0,0,0,0,-1 | {1\underset{\textcolor{red}{1}}{\overset{1}{5}}13221} | NHC_OK
50 | NN | SL:99930:8:-5:1 | 8 | 8 | 121 | -154 | 0 | (0,8,1) | 9 | -1,0,1,0,0,0,0,0,0,0,-1,1,0,0,0,0,0,0,1,1,-5,1,0,0,0,0,0,0,0,1,-1,1,0,0,0,0,0,0,0,1,-3,1,0,0,0,0,0,0,0,1,-2,1,0,0,0,0,0,0,0,1,-2,1,0,0,0,0,0,0,0,1,-1,1,0,0,0,0,0,0,0,1,-5 | {1\overset{1}{5}1322\overset{\textcolor{red}{5}}{1}} | NHC_OK
51 | NN | SL:994:3:-3:1 | 7 | 0 | 76 | -146 | 0 | (0,7,1) | 8 | -3,1,0,0,0,0,0,0,1,-1,0,1,0,0,0,0,0,0,-1,1,0,0,0,1,0,1,1,-5,1,0,0,0,0,0,0,1,-1,1,0,0,0,0,0,0,1,-3,1,0,0,0,0,0,0,1,-1,0,0,0,1,0,0,0,0,-3 | {31\overset{\overset{\textcolor{red}{3}}{1}}{5}131} | NHC_OK
52 | NN | SL:995:3:-3:1 | 8 | 8 | 85 | -118 | 0 | (0,8,1) | 9 | -3,1,0,0,0,0,0,0,0,1,-1,0,1,0,0,0,0,0,0,0,-1,1,0,0,0,0,1,0,1,1,-5,1,0,0,0,0,0,0,0,1,-1,1,0,0,0,0,0,0,0,1,-3,1,0,0,0,0,0,0,0,1,-2,1,0,0,0,0,0,0,0,1,-1,0,0,0,1,0,0,0,0,0,-3 | {31\overset{\overset{\textcolor{red}{3}}{1}}{5}1321} | NHC_OK
53 | NN | SL:995:8:-5:1 | 8 | 8 | 129 | -162 | 0 | (0,8,1) | 9 | -3,1,0,0,0,0,0,0,0,1,-1,0,1,0,0,0,0,0,0,0,-1,1,0,0,0,0,0,0,1,1,-5,1,0,0,0,0,0,0,0,1,-1,1,0,0,0,0,0,0,0,1,-3,1,0,0,0,0,0,0,0,1,-2,1,0,0,0,0,0,0,0,1,-1,1,0,0,0,0,0,0,0,1,-5 | {31\overset{1}{5}132\overset{\textcolor{red}{5}}{1}} | NHC_OK
54 | NN | SL:996:3:-3:1 | 9 | 8 | 85 | -89 | 0 | (0,9,1) | 10 | -3,1,0,0,0,0,0,0,0,0,1,-1,0,1,0,0,0,0,0,0,0,0,-1,1,0,0,0,0,0,1,0,1,1,-5,1,0,0,0,0,0,0,0,0,1,-1,1,0,0,0,0,0,0,0,0,1,-3,1,0,0,0,0,0,0,0,0,1,-2,1,0,0,0,0,0,0,0,0,1,-2,1,0,0,0,0,0,0,0,0,1,-1,0,0,0,1,0,0,0,0,0,0,-3 | {31\overset{\overset{\textcolor{red}{3}}{1}}{5}13221} | NHC_OK
55 | NN | SL:9910:8:-5:1 | 8 | 8 | 129 | -162 | 0 | (0,8,1) | 9 | -2,1,0,0,0,0,0,0,0,1,-3,1,0,0,0,0,0,0,0,1,-1,0,1,0,0,0,0,0,0,0,-1,1,0,0,0,0,0,0,1,1,-5,1,0,0,0,0,0,0,0,1,-1,1,0,0,0,0,0,0,0,1,-3,1,0,0,0,0,0,0,0,1,-1,1,0,0,0,0,0,0,0,1,-5 | {231\overset{1}{5}13\overset{\textcolor{red}{5}}{1}} | NHC_OK
56 | NN | SL:9914:1:-2:1 | 7 | 16 | 79 | -133 | 0 | (0,7,1) | 8 | -1,1,0,0,0,0,0,1,1,-5,1,0,0,0,0,0,0,1,-1,1,0,0,0,0,0,0,1,-2,1,0,0,0,0,0,0,1,-3,1,0,0,0,0,0,0,1,-2,1,0,0,0,0,0,0,1,-1,0,1,0,0,0,0,0,0,-2 | {\overset{\textcolor{red}{2}}{1}512321} | NHC_OK
57 | NN | SL:9914:2:-1:1 | 7 | 16 | 79 | -133 | 0 | (0,7,1) | 8 | -1,1,0,0,0,0,0,0,1,-5,1,0,0,0,0,1,0,1,-1,1,0,0,0,0,0,0,1,-2,1,0,0,0,0,0,0,1,-3,1,0,0,0,0,0,0,1,-2,1,0,0,0,0,0,0,1,-1,0,0,1,0,0,0,0,0,-1 | {1\overset{\textcolor{red}{1}}{5}12321} | NHC_OK
58 | NN | SL:919:1:-1:1 | 9 | 16 | 86 | -82 | 0 | (0,9,1) | 10 | -3,1,0,0,0,0,0,0,0,1,1,-2,1,0,0,0,0,0,0,0,0,1,-1,1,0,0,0,0,0,0,0,0,1,-5,1,0,0,0,0,0,0,0,0,1,-1,1,0,0,0,0,0,0,0,0,1,-3,1,0,0,0,0,0,0,0,0,1,-2,1,0,0,0,0,0,0,0,0,1,-2,1,0,0,0,0,0,0,0,0,1,-1,0,1,0,0,0,0,0,0,0,0,-1 | {\overset{\textcolor{red}{1}}{3}21513221} | NHC_OK
59 | NN | SL:923:1:-1:1 | 10 | 24 | 96 | -55 | 0 | (0,10,1) | 11 | -2,1,0,0,0,0,0,0,0,0,1,1,-3,1,0,0,0,0,0,0,0,0,0,1,-2,1,0,0,0,0,0,0,0,0,0,1,-1,1,0,0,0,0,0,0,0,0,0,1,-5,1,0,0,0,0,0,0,0,0,0,1,-1,1,0,0,0,0,0,0,0,0,0,1,-3,1,0,0,0,0,0,0,0,0,0,1,-2,1,0,0,0,0,0,0,0,0,0,1,-2,1,0,0,0,0,0,0,0,0,0,1,-1,0,1,0,0,0,0,0,0,0,0,0,-1 | {\overset{\textcolor{red}{1}}{2}321513221} | NHC_OK
60 | NN | SL:926:1:-1:1 | 8 | 16 | 86 | -111 | 0 | (0,8,1) | 9 | -3,1,0,0,0,0,0,0,1,1,-2,1,0,0,0,0,0,0,0,1,-1,1,0,0,0,0,0,0,0,1,-5,1,0,0,0,0,0,0,0,1,-1,1,0,0,0,0,0,0,0,1,-3,1,0,0,0,0,0,0,0,1,-2,1,0,0,0,0,0,0,0,1,-1,0,1,0,0,0,0,0,0,0,-1 | {\overset{\textcolor{red}{1}}{3}2151321} | NHC_OK
61 | NN | SL:926:8:-5:1 | 8 | 16 | 138 | -163 | 0 | (0,8,1) | 9 | -3,1,0,0,0,0,0,0,0,1,-2,1,0,0,0,0,0,0,0,1,-1,1,0,0,0,0,0,0,0,1,-5,1,0,0,0,0,0,0,0,1,-1,1,0,0,0,0,0,0,0,1,-3,1,0,0,0,0,0,0,0,1,-2,1,0,0,0,0,0,0,0,1,-1,1,0,0,0,0,0,0,0,1,-5 | {3215132\overset{\textcolor{red}{5}}{1}} | NHC_OK
62 | NN | SL:930:1:-1:1 | 9 | 24 | 96 | -84 | 0 | (0,9,1) | 10 | -2,1,0,0,0,0,0,0,0,1,1,-3,1,0,0,0,0,0,0,0,0,1,-2,1,0,0,0,0,0,0,0,0,1,-1,1,0,0,0,0,0,0,0,0,1,-5,1,0,0,0,0,0,0,0,0,1,-1,1,0,0,0,0,0,0,0,0,1,-3,1,0,0,0,0,0,0,0,0,1,-2,1,0,0,0,0,0,0,0,0,1,-1,0,1,0,0,0,0,0,0,0,0,-1 | {\overset{\textcolor{red}{1}}{2}32151321} | NHC_OK
63 | NN | SL:933:1:-1:1 | 8 | 16 | 87 | -112 | 0 | (0,8,1) | 9 | -3,1,0,0,0,0,0,0,1,1,-1,1,0,0,0,0,0,0,0,1,-5,1,0,0,0,0,0,0,0,1,-1,1,0,0,0,0,0,0,0,1,-2,1,0,0,0,0,0,0,0,1,-3,1,0,0,0,0,0,0,0,1,-2,1,0,0,0,0,0,0,0,1,-1,0,1,0,0,0,0,0,0,0,-1 | {\overset{\textcolor{red}{1}}{3}1512321} | NHC_OK
64 | NN | SL:933:8:-5:1 | 8 | 16 | 139 | -164 | 0 | (0,8,1) | 9 | -3,1,0,0,0,0,0,0,0,1,-1,1,0,0,0,0,0,0,0,1,-5,1,0,0,0,0,0,0,0,1,-1,1,0,0,0,0,0,0,0,1,-2,1,0,0,0,0,0,0,0,1,-3,1,0,0,0,0,0,0,0,1,-2,1,0,0,0,0,0,0,0,1,-1,1,0,0,0,0,0,0,0,1,-5 | {3151232\overset{\textcolor{red}{5}}{1}} | NHC_OK
65 | NN | SL:935:1:-1:1 | 7 | 8 | 77 | -139 | 0 | (0,7,1) | 8 | -3,1,0,0,0,0,0,1,1,-2,1,0,0,0,0,0,0,1,-1,1,0,0,0,0,0,0,1,-5,1,0,0,0,0,0,0,1,-1,1,0,0,0,0,0,0,1,-3,1,0,0,0,0,0,0,1,-1,0,1,0,0,0,0,0,0,-1 | {\overset{\textcolor{red}{1}}{3}215131} | NHC_OK
66 | NN | SL:939:8:-5:1 | 8 | 16 | 139 | -164 | 0 | (0,8,1) | 9 | -2,1,0,0,0,0,0,0,0,1,-3,1,0,0,0,0,0,0,0,1,-2,1,0,0,0,0,0,0,0,1,-1,1,0,0,0,0,0,0,0,1,-5,1,0,0,0,0,0,0,0,1,-1,1,0,0,0,0,0,0,0,1,-3,1,0,0,0,0,0,0,0,1,-1,1,0,0,0,0,0,0,0,1,-5 | {2321513\overset{\textcolor{red}{5}}{1}} | NHC_OK
67 | NN | SL:941:1:-2:1 | 6 | 8 | 69 | -160 | 0 | (0,6,1) | 7 | -1,1,0,0,0,0,1,1,-5,1,0,0,0,0,0,1,-1,1,0,0,0,0,0,1,-2,1,0,0,0,0,0,1,-3,1,0,0,0,0,0,1,-1,0,1,0,0,0,0,0,-2 | {\overset{\textcolor{red}{2}}{1}51231} | NHC_OK
68 | NN | SL:941:2:-1:1 | 6 | 8 | 69 | -160 | 0 | (0,6,1) | 7 | -1,1,0,0,0,0,0,1,-5,1,0,0,0,1,0,1,-1,1,0,0,0,0,0,1,-2,1,0,0,0,0,0,1,-3,1,0,0,0,0,0,1,-1,0,0,1,0,0,0,0,-1 | {1\overset{\textcolor{red}{1}}{5}1231} | NHC_OK
69 | NN | SL:941:5:-2:1 | 6 | 8 | 69 | -160 | 0 | (0,6,1) | 7 | -1,1,0,0,0,0,0,1,-5,1,0,0,0,0,0,1,-1,1,0,0,0,0,0,1,-2,1,0,0,0,0,0,1,-3,1,1,0,0,0,0,1,-1,0,0,0,0,0,1,0,-2 | {1512\overset{\textcolor{red}{2}}{3}1} | NHC_OK
70 | NN | SL:941:6:-3:1 | 6 | 8 | 77 | -168 | 0 | (0,6,1) | 7 | -1,1,0,0,0,0,0,1,-5,1,0,0,0,0,0,1,-1,1,0,0,0,0,0,1,-2,1,0,0,0,0,0,1,-3,1,0,0,0,0,0,1,-1,1,0,0,0,0,0,1,-3 | {15123\overset{\textcolor{red}{3}}{1}} | NHC_OK
71 | NN | SL:942:1:-1:1 | 6 | 8 | 69 | -160 | 0 | (0,6,1) | 7 | -5,1,0,0,0,0,1,1,-1,1,0,0,0,0,0,1,-2,1,0,0,0,0,0,1,-2,1,0,0,0,0,0,1,-3,1,0,0,0,0,0,1,-1,0,1,0,0,0,0,0,-1 | {\overset{\textcolor{red}{1}}{5}12231} | NHC_OK
72 | NN | SL:943:5:-2:1 | 6 | 0 | 60 | -159 | 0 | (0,6,1) | 7 | -2,1,0,0,0,0,0,1,-1,1,0,0,0,0,0,1,-5,1,0,0,0,0,0,1,-1,1,0,0,0,0,0,1,-3,1,1,0,0,0,0,1,-1,0,0,0,0,0,1,0,-2 | {2151\overset{\textcolor{red}{2}}{3}1} | NHC_OK
73 | NN | SL:943:6:-3:1 | 6 | 0 | 68 | -167 | 0 | (0,6,1) | 7 | -2,1,0,0,0,0,0,1,-1,1,0,0,0,0,0,1,-5,1,0,0,0,0,0,1,-1,1,0,0,0,0,0,1,-3,1,0,0,0,0,0,1,-1,1,0,0,0,0,0,1,-3 | {21513\overset{\textcolor{red}{3}}{1}} | NHC_OK
74 | NN | SL:945:8:-5:1 | 8 | 8 | 121 | -154 | 0 | (0,8,1) | 9 | -2,1,0,0,0,0,0,0,0,1,-1,1,0,0,0,0,0,0,0,1,-5,1,0,0,0,0,0,0,0,1,-1,1,0,0,0,0,0,0,0,1,-3,1,0,0,0,0,0,0,0,1,-2,1,0,0,0,0,0,0,0,1,-2,1,0,0,0,0,0,0,0,1,-1,1,0,0,0,0,0,0,0,1,-5 | {2151322\overset{\textcolor{red}{5}}{1}} | NHC_OK
75 | NN | SL:9915:1:-2:1 | 11 | 8 | 129 | -75 | 0 | (0,11,1) | 12 | -1,1,0,0,0,0,0,0,0,0,0,1,1,-5,1,0,0,0,0,0,0,0,0,0,0,1,-1,1,0,0,0,0,0,0,0,0,0,0,1,-3,1,0,0,0,0,0,0,0,0,0,0,1,-1,1,0,0,0,0,0,0,0,0,0,0,1,-5,1,0,0,0,0,0,0,0,0,0,0,1,-1,1,0,0,0,0,0,0,0,0,0,0,1,-3,1,0,0,0,0,0,0,0,0,0,0,1,-2,1,0,0,0,0,0,0,0,0,0,0,1,-2,1,0,0,0,0,0,0,0,0,0,0,1,-1,0,1,0,0,0,0,0,0,0,0,0,0,-2 | {\overset{\textcolor{red}{2}}{1}5131513221} | NHC_OK
76 | NN | SL:9915:2:-1:1 | 11 | 8 | 129 | -75 | 0 | (0,11,1) | 12 | -1,1,0,0,0,0,0,0,0,0,0,0,1,-5,1,0,0,0,0,0,0,0,0,1,0,1,-1,1,0,0,0,0,0,0,0,0,0,0,1,-3,1,0,0,0,0,0,0,0,0,0,0,1,-1,1,0,0,0,0,0,0,0,0,0,0,1,-5,1,0,0,0,0,0,0,0,0,0,0,1,-1,1,0,0,0,0,0,0,0,0,0,0,1,-3,1,0,0,0,0,0,0,0,0,0,0,1,-2,1,0,0,0,0,0,0,0,0,0,0,1,-2,1,0,0,0,0,0,0,0,0,0,0,1,-1,0,0,1,0,0,0,0,0,0,0,0,0,-1 | {1\overset{\textcolor{red}{1}}{5}131513221} | NHC_OK
77 | NN | SL:9916:1:-2:1 | 10 | 8 | 129 | -104 | 0 | (0,10,1) | 11 | -1,1,0,0,0,0,0,0,0,0,1,1,-5,1,0,0,0,0,0,0,0,0,0,1,-1,1,0,0,0,0,0,0,0,0,0,1,-3,1,0,0,0,0,0,0,0,0,0,1,-1,1,0,0,0,0,0,0,0,0,0,1,-5,1,0,0,0,0,0,0,0,0,0,1,-1,1,0,0,0,0,0,0,0,0,0,1,-3,1,0,0,0,0,0,0,0,0,0,1,-2,1,0,0,0,0,0,0,0,0,0,1,-1,0,1,0,0,0,0,0,0,0,0,0,-2 | {\overset{\textcolor{red}{2}}{1}513151321} | NHC_OK
78 | NN | SL:9916:2:-1:1 | 10 | 8 | 129 | -104 | 0 | (0,10,1) | 11 | -1,1,0,0,0,0,0,0,0,0,0,1,-5,1,0,0,0,0,0,0,0,1,0,1,-1,1,0,0,0,0,0,0,0,0,0,1,-3,1,0,0,0,0,0,0,0,0,0,1,-1,1,0,0,0,0,0,0,0,0,0,1,-5,1,0,0,0,0,0,0,0,0,0,1,-1,1,0,0,0,0,0,0,0,0,0,1,-3,1,0,0,0,0,0,0,0,0,0,1,-2,1,0,0,0,0,0,0,0,0,0,1,-1,0,0,1,0,0,0,0,0,0,0,0,-1 | {1\overset{\textcolor{red}{1}}{5}13151321} | NHC_OK
79 | NN | SL:9916:10:-5:1 | 10 | 8 | 181 | -156 | 0 | (0,10,1) | 11 | -1,1,0,0,0,0,0,0,0,0,0,1,-5,1,0,0,0,0,0,0,0,0,0,1,-1,1,0,0,0,0,0,0,0,0,0,1,-3,1,0,0,0,0,0,0,0,0,0,1,-1,1,0,0,0,0,0,0,0,0,0,1,-5,1,0,0,0,0,0,0,0,0,0,1,-1,1,0,0,0,0,0,0,0,0,0,1,-3,1,0,0,0,0,0,0,0,0,0,1,-2,1,0,0,0,0,0,0,0,0,0,1,-1,1,0,0,0,0,0,0,0,0,0,1,-5 | {151315132\overset{\textcolor{red}{5}}{1}} | NHC_OK
80 | NN | SL:9917:1:-2:1 | 9 | 0 | 120 | -132 | 0 | (0,9,1) | 10 | -1,1,0,0,0,0,0,0,0,1,1,-5,1,0,0,0,0,0,0,0,0,1,-1,1,0,0,0,0,0,0,0,0,1,-3,1,0,0,0,0,0,0,0,0,1,-1,1,0,0,0,0,0,0,0,0,1,-5,1,0,0,0,0,0,0,0,0,1,-1,1,0,0,0,0,0,0,0,0,1,-3,1,0,0,0,0,0,0,0,0,1,-1,0,1,0,0,0,0,0,0,0,0,-2 | {\overset{\textcolor{red}{2}}{1}51315131} | NHC_OK
81 | NN | SL:9917:2:-1:1 | 9 | 0 | 120 | -132 | 0 | (0,9,1) | 10 | -1,1,0,0,0,0,0,0,0,0,1,-5,1,0,0,0,0,0,0,1,0,1,-1,1,0,0,0,0,0,0,0,0,1,-3,1,0,0,0,0,0,0,0,0,1,-1,1,0,0,0,0,0,0,0,0,1,-5,1,0,0,0,0,0,0,0,0,1,-1,1,0,0,0,0,0,0,0,0,1,-3,1,0,0,0,0,0,0,0,0,1,-1,0,0,1,0,0,0,0,0,0,0,-1 | {1\overset{\textcolor{red}{1}}{5}1315131} | NHC_OK
82 | NN | SL:946:1:-1:1 | 11 | 16 | 138 | -76 | 0 | (0,11,1) | 12 | -5,1,0,0,0,0,0,0,0,0,0,1,1,-1,1,0,0,0,0,0,0,0,0,0,0,1,-2,1,0,0,0,0,0,0,0,0,0,0,1,-3,1,0,0,0,0,0,0,0,0,0,0,1,-1,1,0,0,0,0,0,0,0,0,0,0,1,-5,1,0,0,0,0,0,0,0,0,0,0,1,-1,1,0,0,0,0,0,0,0,0,0,0,1,-3,1,0,0,0,0,0,0,0,0,0,0,1,-2,1,0,0,0,0,0,0,0,0,0,0,1,-2,1,0,0,0,0,0,0,0,0,0,0,1,-1,0,1,0,0,0,0,0,0,0,0,0,0,-1 | {\overset{\textcolor{red}{1}}{5}1231513221} | NHC_OK
83 | NN | SL:948:1:-1:1 | 13 | 16 | 146 | -26 | 0 | (0,13,1) | 14 | -2,1,0,0,0,0,0,0,0,0,0,0,0,1,1,-3,1,0,0,0,0,0,0,0,0,0,0,0,0,1,-1,1,0,0,0,0,0,0,0,0,0,0,0,0,1,-5,1,0,0,0,0,0,0,0,0,0,0,0,0,1,-1,1,0,0,0,0,0,0,0,0,0,0,0,0,1,-3,1,0,0,0,0,0,0,0,0,0,0,0,0,1,-1,1,0,0,0,0,0,0,0,0,0,0,0,0,1,-5,1,0,0,0,0,0,0,0,0,0,0,0,0,1,-1,1,0,0,0,0,0,0,0,0,0,0,0,0,1,-3,1,0,0,0,0,0,0,0,0,0,0,0,0,1,-2,1,0,0,0,0,0,0,0,0,0,0,0,0,1,-2,1,0,0,0,0,0,0,0,0,0,0,0,0,1,-1,0,1,0,0,0,0,0,0,0,0,0,0,0,0,-1 | {\overset{\textcolor{red}{1}}{2}315131513221} | NHC_OK
84 | NN | SL:949:1:-1:1 | 14 | 16 | 146 | 3 | 0 | (0,14,1) | 15 | -2,1,0,0,0,0,0,0,0,0,0,0,0,0,1,1,-2,1,0,0,0,0,0,0,0,0,0,0,0,0,0,1,-3,1,0,0,0,0,0,0,0,0,0,0,0,0,0,1,-1,1,0,0,0,0,0,0,0,0,0,0,0,0,0,1,-5,1,0,0,0,0,0,0,0,0,0,0,0,0,0,1,-1,1,0,0,0,0,0,0,0,0,0,0,0,0,0,1,-3,1,0,0,0,0,0,0,0,0,0,0,0,0,0,1,-1,1,0,0,0,0,0,0,0,0,0,0,0,0,0,1,-5,1,0,0,0,0,0,0,0,0,0,0,0,0,0,1,-1,1,0,0,0,0,0,0,0,0,0,0,0,0,0,1,-3,1,0,0,0,0,0,0,0,0,0,0,0,0,0,1,-2,1,0,0,0,0,0,0,0,0,0,0,0,0,0,1,-2,1,0,0,0,0,0,0,0,0,0,0,0,0,0,1,-1,0,1,0,0,0,0,0,0,0,0,0,0,0,0,0,-1 | {\overset{\textcolor{red}{1}}{2}2315131513221} | NHC_OK
85 | NN | SL:950:1:-1:1 | 12 | 8 | 137 | -54 | 0 | (0,12,1) | 13 | -3,1,0,0,0,0,0,0,0,0,0,0,1,1,-1,1,0,0,0,0,0,0,0,0,0,0,0,1,-5,1,0,0,0,0,0,0,0,0,0,0,0,1,-1,1,0,0,0,0,0,0,0,0,0,0,0,1,-3,1,0,0,0,0,0,0,0,0,0,0,0,1,-1,1,0,0,0,0,0,0,0,0,0,0,0,1,-5,1,0,0,0,0,0,0,0,0,0,0,0,1,-1,1,0,0,0,0,0,0,0,0,0,0,0,1,-3,1,0,0,0,0,0,0,0,0,0,0,0,1,-2,1,0,0,0,0,0,0,0,0,0,0,0,1,-2,1,0,0,0,0,0,0,0,0,0,0,0,1,-1,0,1,0,0,0,0,0,0,0,0,0,0,0,-1 | {\overset{\textcolor{red}{1}}{3}15131513221} | NHC_OK
86 | NN | SL:951:1:-1:1 | 10 | 16 | 138 | -105 | 0 | (0,10,1) | 11 | -5,1,0,0,0,0,0,0,0,0,1,1,-1,1,0,0,0,0,0,0,0,0,0,1,-2,1,0,0,0,0,0,0,0,0,0,1,-3,1,0,0,0,0,0,0,0,0,0,1,-1,1,0,0,0,0,0,0,0,0,0,1,-5,1,0,0,0,0,0,0,0,0,0,1,-1,1,0,0,0,0,0,0,0,0,0,1,-3,1,0,0,0,0,0,0,0,0,0,1,-2,1,0,0,0,0,0,0,0,0,0,1,-1,0,1,0,0,0,0,0,0,0,0,0,-1 | {\overset{\textcolor{red}{1}}{5}123151321} | NHC_OK
87 | NN | SL:951:10:-5:1 | 10 | 16 | 190 | -157 | 0 | (0,10,1) | 11 | -5,1,0,0,0,0,0,0,0,0,0,1,-1,1,0,0,0,0,0,0,0,0,0,1,-2,1,0,0,0,0,0,0,0,0,0,1,-3,1,0,0,0,0,0,0,0,0,0,1,-1,1,0,0,0,0,0,0,0,0,0,1,-5,1,0,0,0,0,0,0,0,0,0,1,-1,1,0,0,0,0,0,0,0,0,0,1,-3,1,0,0,0,0,0,0,0,0,0,1,-2,1,0,0,0,0,0,0,0,0,0,1,-1,1,0,0,0,0,0,0,0,0,0,1,-5 | {512315132\overset{\textcolor{red}{5}}{1}} | NHC_OK
88 | NN | SL:953:1:-1:1 | 12 | 16 | 146 | -55 | 0 | (0,12,1) | 13 | -2,1,0,0,0,0,0,0,0,0,0,0,1,1,-3,1,0,0,0,0,0,0,0,0,0,0,0,1,-1,1,0,0,0,0,0,0,0,0,0,0,0,1,-5,1,0,0,0,0,0,0,0,0,0,0,0,1,-1,1,0,0,0,0,0,0,0,0,0,0,0,1,-3,1,0,0,0,0,0,0,0,0,0,0,0,1,-1,1,0,0,0,0,0,0,0,0,0,0,0,1,-5,1,0,0,0,0,0,0,0,0,0,0,0,1,-1,1,0,0,0,0,0,0,0,0,0,0,0,1,-3,1,0,0,0,0,0,0,0,0,0,0,0,1,-2,1,0,0,0,0,0,0,0,0,0,0,0,1,-1,0,1,0,0,0,0,0,0,0,0,0,0,0,-1 | {\overset{\textcolor{red}{1}}{2}31513151321} | NHC_OK
89 | NN | SL:954:1:-1:1 | 11 | 8 | 137 | -83 | 0 | (0,11,1) | 12 | -3,1,0,0,0,0,0,0,0,0,0,1,1,-1,1,0,0,0,0,0,0,0,0,0,0,1,-5,1,0,0,0,0,0,0,0,0,0,0,1,-1,1,0,0,0,0,0,0,0,0,0,0,1,-3,1,0,0,0,0,0,0,0,0,0,0,1,-1,1,0,0,0,0,0,0,0,0,0,0,1,-5,1,0,0,0,0,0,0,0,0,0,0,1,-1,1,0,0,0,0,0,0,0,0,0,0,1,-3,1,0,0,0,0,0,0,0,0,0,0,1,-2,1,0,0,0,0,0,0,0,0,0,0,1,-1,0,1,0,0,0,0,0,0,0,0,0,0,-1 | {\overset{\textcolor{red}{1}}{3}1513151321} | NHC_OK
90 | NN | SL:955:1:-1:1 | 9 | 8 | 129 | -133 | 0 | (0,9,1) | 10 | -5,1,0,0,0,0,0,0,0,1,1,-1,1,0,0,0,0,0,0,0,0,1,-2,1,0,0,0,0,0,0,0,0,1,-3,1,0,0,0,0,0,0,0,0,1,-1,1,0,0,0,0,0,0,0,0,1,-5,1,0,0,0,0,0,0,0,0,1,-1,1,0,0,0,0,0,0,0,0,1,-3,1,0,0,0,0,0,0,0,0,1,-1,0,1,0,0,0,0,0,0,0,0,-1 | {\overset{\textcolor{red}{1}}{5}12315131} | NHC_OK
91 | NN | SL:957:1:-1:1 | 10 | 0 | 128 | -111 | 0 | (0,10,1) | 11 | -3,1,0,0,0,0,0,0,0,0,1,1,-1,1,0,0,0,0,0,0,0,0,0,1,-5,1,0,0,0,0,0,0,0,0,0,1,-1,1,0,0,0,0,0,0,0,0,0,1,-3,1,0,0,0,0,0,0,0,0,0,1,-1,1,0,0,0,0,0,0,0,0,0,1,-5,1,0,0,0,0,0,0,0,0,0,1,-1,1,0,0,0,0,0,0,0,0,0,1,-3,1,0,0,0,0,0,0,0,0,0,1,-1,0,1,0,0,0,0,0,0,0,0,0,-1 | {\overset{\textcolor{red}{1}}{3}151315131} | NHC_OK
92 | NN | SL:957:10:-5:1 | 10 | 0 | 180 | -163 | 0 | (0,10,1) | 11 | -3,1,0,0,0,0,0,0,0,0,0,1,-1,1,0,0,0,0,0,0,0,0,0,1,-5,1,0,0,0,0,0,0,0,0,0,1,-1,1,0,0,0,0,0,0,0,0,0,1,-3,1,0,0,0,0,0,0,0,0,0,1,-1,1,0,0,0,0,0,0,0,0,0,1,-5,1,0,0,0,0,0,0,0,0,0,1,-1,1,0,0,0,0,0,0,0,0,0,1,-3,1,0,0,0,0,0,0,0,0,0,1,-1,1,0,0,0,0,0,0,0,0,0,1,-5 | {315131513\overset{\textcolor{red}{5}}{1}} | NHC_OK
93 | NN | NM:2132:1:-3:1 | 4 | 0 | 8 | -165 | 0 | (0,4,1) | 5 | -2,1,0,0,1,1,-1,1,0,0,0,1,-3,1,0,0,0,1,-2,0,1,0,0,0,-3 | {\overset{\textcolor{red}{3}}{2}132} | NHC_OK
94 | NN | NM:1{1,{1,5}}1:1:-2:1 | 5 | 0 | 0 | -128 | 0 | (0,5,1) | 6 | -1,0,1,0,0,1,0,-1,1,0,0,0,1,1,-5,1,1,0,0,0,1,-1,0,0,0,0,1,0,-1,0,1,0,0,0,0,-2 | {\overset{\textcolor{red}{2}}{1}\overset{1}{5}11} | NHC_OK
95 | NN | NM:1{1,{1,5}}1:3:-1:1 | 5 | 0 | 0 | -128 | 0 | (0,5,1) | 6 | -1,0,1,0,0,0,0,-1,1,0,0,0,1,1,-5,1,1,1,0,0,1,-1,0,0,0,0,1,0,-1,0,0,0,1,0,0,-1 | {1\underset{\textcolor{red}{1}}{\overset{1}{5}}11} | NHC_OK
96 | NN | NM:1{1,5}12:1:-2:1 | 5 | 0 | 0 | -128 | 0 | (0,5,1) | 6 | -1,0,1,0,0,1,0,-1,1,0,0,0,1,1,-5,1,0,0,0,0,1,-1,1,0,0,0,0,1,-2,0,1,0,0,0,0,-2 | {\overset{\textcolor{red}{2}}{1}\overset{1}{5}12} | NHC_OK
97 | NN | NM:51{1,3}22:1:-1:1 | 6 | 0 | 0 | -99 | 0 | (0,6,1) | 7 | -5,1,0,0,0,0,1,1,-1,0,1,0,0,0,0,0,-1,1,0,0,0,0,1,1,-3,1,0,0,0,0,0,1,-2,1,0,0,0,0,0,1,-2,0,1,0,0,0,0,0,-1 | {\overset{\textcolor{red}{1}}{5}1\overset{1}{3}22} | NHC_OK
98 | NN | NM:31{1,5}12:3:-3:1 | 6 | 0 | 8 | -107 | 0 | (0,6,1) | 7 | -3,1,0,0,0,0,0,1,-1,0,1,0,0,0,0,0,-1,1,0,0,1,0,1,1,-5,1,0,0,0,0,0,1,-1,1,0,0,0,0,0,1,-2,0,0,0,1,0,0,0,-3 | {31\overset{\overset{\textcolor{red}{3}}{1}}{5}12} | NHC_OK
99 | NN | NM:31{1,5}12:6:-3:1 | 6 | 0 | 8 | -107 | 0 | (0,6,1) | 7 | -3,1,0,0,0,0,0,1,-1,0,1,0,0,0,0,0,-1,1,0,0,0,0,1,1,-5,1,0,0,0,0,0,1,-1,1,0,0,0,0,0,1,-2,1,0,0,0,0,0,1,-3 | {31\overset{1}{5}1\overset{\textcolor{red}{3}}{2}} | NHC_OK
100 | NN | NM:31{1,5}13:4:-1:1 | 6 | 0 | 0 | -99 | 0 | (0,6,1) | 7 | -3,1,0,0,0,0,0,1,-1,0,1,0,0,0,0,0,-1,1,0,0,0,0,1,1,-5,1,0,1,0,0,0,1,-1,1,0,0,0,0,0,1,-3,0,0,0,0,1,0,0,-1 | {31\underset{\textcolor{red}{1}}{\overset{1}{5}}13} | NHC_OK
101 | NN | NM:13215132:1:-5:1 | 8 | 0 | 52 | -93 | 0 | (0,8,1) | 9 | -1,1,0,0,0,0,0,0,1,1,-3,1,0,0,0,0,0,0,0,1,-2,1,0,0,0,0,0,0,0,1,-1,1,0,0,0,0,0,0,0,1,-5,1,0,0,0,0,0,0,0,1,-1,1,0,0,0,0,0,0,0,1,-3,1,0,0,0,0,0,0,0,1,-2,0,1,0,0,0,0,0,0,0,-5 | {\overset{\textcolor{red}{5}}{1}3215132} | NHC_OK
102 | NN | NM:22215:5:-1:1 | 5 | 0 | 0 | -128 | 0 | (0,5,1) | 6 | -2,1,0,0,0,0,1,-2,1,0,0,0,0,1,-2,1,0,0,0,0,1,-1,1,0,0,0,0,1,-5,1,0,0,0,0,1,-1 | {2221\overset{\textcolor{red}{1}}{5}} | NHC_OK
103 | NN | NM:231315:6:-1:1 | 6 | 0 | 0 | -99 | 0 | (0,6,1) | 7 | -2,1,0,0,0,0,0,1,-3,1,0,0,0,0,0,1,-1,1,0,0,0,0,0,1,-3,1,0,0,0,0,0,1,-1,1,0,0,0,0,0,1,-5,1,0,0,0,0,0,1,-1 | {23131\overset{\textcolor{red}{1}}{5}} | NHC_OK
104 | NN | NM:2215132:7:-1:1 | 7 | 0 | 0 | -70 | 0 | (0,7,1) | 8 | -2,1,0,0,0,0,0,0,1,-2,1,0,0,0,0,0,0,1,-1,1,0,0,0,0,0,0,1,-5,1,0,0,0,0,0,0,1,-1,1,0,0,0,0,0,0,1,-3,1,0,0,0,0,0,0,1,-2,1,0,0,0,0,0,0,1,-1 | {221513\overset{\textcolor{red}{1}}{2}} | NHC_OK
105 | NN | NM:215123:1:-3:1 | 6 | 0 | 8 | -107 | 0 | (0,6,1) | 7 | -2,1,0,0,0,0,1,1,-1,1,0,0,0,0,0,1,-5,1,0,0,0,0,0,1,-1,1,0,0,0,0,0,1,-2,1,0,0,0,0,0,1,-3,0,1,0,0,0,0,0,-3 | {\overset{\textcolor{red}{3}}{2}15123} | NHC_OK
106 | NN | NM:22151322:8:-1:1 | 8 | 0 | 0 | -41 | 0 | (0,8,1) | 9 | -2,1,0,0,0,0,0,0,0,1,-2,1,0,0,0,0,0,0,0,1,-1,1,0,0,0,0,0,0,0,1,-5,1,0,0,0,0,0,0,0,1,-1,1,0,0,0,0,0,0,0,1,-3,1,0,0,0,0,0,0,0,1,-2,1,0,0,0,0,0,0,0,1,-2,1,0,0,0,0,0,0,0,1,-1 | {2215132\overset{\textcolor{red}{1}}{2}} | NHC_OK
107 | NN | NM:221513:1:-3:1 | 6 | 0 | 8 | -107 | 0 | (0,6,1) | 7 | -2,1,0,0,0,0,1,1,-2,1,0,0,0,0,0,1,-1,1,0,0,0,0,0,1,-5,1,0,0,0,0,0,1,-1,1,0,0,0,0,0,1,-3,0,1,0,0,0,0,0,-3 | {\overset{\textcolor{red}{3}}{2}21513} | NHC_OK
108 | NN | NM:221513:6:-1:1 | 6 | 0 | 0 | -99 | 0 | (0,6,1) | 7 | -2,1,0,0,0,0,0,1,-2,1,0,0,0,0,0,1,-1,1,0,0,0,0,0,1,-5,1,0,0,0,0,0,1,-1,1,0,0,0,0,0,1,-3,1,0,0,0,0,0,1,-1 | {22151\overset{\textcolor{red}{1}}{3}} | NHC_OK
109 | NN | NM:21513215:8:-1:1 | 8 | 0 | 0 | -41 | 0 | (0,8,1) | 9 | -2,1,0,0,0,0,0,0,0,1,-1,1,0,0,0,0,0,0,0,1,-5,1,0,0,0,0,0,0,0,1,-1,1,0,0,0,0,0,0,0,1,-3,1,0,0,0,0,0,0,0,1,-2,1,0,0,0,0,0,0,0,1,-1,1,0,0,0,0,0,0,0,1,-5,1,0,0,0,0,0,0,0,1,-1 | {2151321\overset{\textcolor{red}{1}}{5}} | NHC_OK
110 | NN | NM:31512315:8:-1:1 | 8 | 0 | 0 | -41 | 0 | (0,8,1) | 9 | -3,1,0,0,0,0,0,0,0,1,-1,1,0,0,0,0,0,0,0,1,-5,1,0,0,0,0,0,0,0,1,-1,1,0,0,0,0,0,0,0,1,-2,1,0,0,0,0,0,0,0,1,-3,1,0,0,0,0,0,0,0,1,-1,1,0,0,0,0,0,0,0,1,-5,1,0,0,0,0,0,0,0,1,-1 | {3151231\overset{\textcolor{red}{1}}{5}} | NHC_OK
111 | NN | NM:32151315:8:-1:1 | 8 | 0 | 0 | -41 | 0 | (0,8,1) | 9 | -3,1,0,0,0,0,0,0,0,1,-2,1,0,0,0,0,0,0,0,1,-1,1,0,0,0,0,0,0,0,1,-5,1,0,0,0,0,0,0,0,1,-1,1,0,0,0,0,0,0,0,1,-3,1,0,0,0,0,0,0,0,1,-1,1,0,0,0,0,0,0,0,1,-5,1,0,0,0,0,0,0,0,1,-1 | {3215131\overset{\textcolor{red}{1}}{5}} | NHC_OK
112 | NN | NM:1{1,5}13151:1:-3:1 | 8 | 0 | 8 | -49 | 0 | (0,8,1) | 9 | -1,0,1,0,0,0,0,0,1,0,-1,1,0,0,0,0,0,0,1,1,-5,1,0,0,0,0,0,0,0,1,-1,1,0,0,0,0,0,0,0,1,-3,1,0,0,0,0,0,0,0,1,-1,1,0,0,0,0,0,0,0,1,-5,1,0,0,0,0,0,0,0,1,-1,0,1,0,0,0,0,0,0,0,-3 | {\overset{\textcolor{red}{3}}{1}\overset{1}{5}13151} | NHC_OK
113 | NN | NM:1{1,5}13151:7:-1:1 | 8 | 0 | 0 | -41 | 0 | (0,8,1) | 9 | -1,0,1,0,0,0,0,0,0,0,-1,1,0,0,0,0,0,0,1,1,-5,1,0,0,0,0,0,0,0,1,-1,1,0,0,0,0,0,0,0,1,-3,1,0,0,0,0,0,0,0,1,-1,1,0,0,0,0,0,0,0,1,-5,1,1,0,0,0,0,0,0,1,-1,0,0,0,0,0,0,0,1,0,-1 | {1\overset{1}{5}131\overset{\textcolor{red}{1}}{5}1} | NHC_OK
114 | NN | NM:1{1,5}13151:8:-2:1 | 8 | 0 | 0 | -41 | 0 | (0,8,1) | 9 | -1,0,1,0,0,0,0,0,0,0,-1,1,0,0,0,0,0,0,1,1,-5,1,0,0,0,0,0,0,0,1,-1,1,0,0,0,0,0,0,0,1,-3,1,0,0,0,0,0,0,0,1,-1,1,0,0,0,0,0,0,0,1,-5,1,0,0,0,0,0,0,0,1,-1,1,0,0,0,0,0,0,0,1,-2 | {1\overset{1}{5}1315\overset{\textcolor{red}{2}}{1}} | NHC_OK
115 | NN | NM:15132151:2:-1:1 | 8 | 0 | 0 | -41 | 0 | (0,8,1) | 9 | -1,1,0,0,0,0,0,0,0,1,-5,1,0,0,0,0,0,1,0,1,-1,1,0,0,0,0,0,0,0,1,-3,1,0,0,0,0,0,0,0,1,-2,1,0,0,0,0,0,0,0,1,-1,1,0,0,0,0,0,0,0,1,-5,1,0,0,0,0,0,0,0,1,-1,0,0,1,0,0,0,0,0,0,-1 | {1\overset{\textcolor{red}{1}}{5}132151} | NHC_OK
116 | NN | NM:21513151:8:-2:1 | 8 | 0 | 0 | -41 | 0 | (0,8,1) | 9 | -2,1,0,0,0,0,0,0,0,1,-1,1,0,0,0,0,0,0,0,1,-5,1,0,0,0,0,0,0,0,1,-1,1,0,0,0,0,0,0,0,1,-3,1,0,0,0,0,0,0,0,1,-1,1,0,0,0,0,0,0,0,1,-5,1,0,0,0,0,0,0,0,1,-1,1,0,0,0,0,0,0,0,1,-2 | {2151315\overset{\textcolor{red}{2}}{1}} | NHC_OK
117 | NN | NM:1513151315:10:-1:1 | 10 | 0 | 0 | 17 | 0 | (0,10,1) | 11 | -1,1,0,0,0,0,0,0,0,0,0,1,-5,1,0,0,0,0,0,0,0,0,0,1,-1,1,0,0,0,0,0,0,0,0,0,1,-3,1,0,0,0,0,0,0,0,0,0,1,-1,1,0,0,0,0,0,0,0,0,0,1,-5,1,0,0,0,0,0,0,0,0,0,1,-1,1,0,0,0,0,0,0,0,0,0,1,-3,1,0,0,0,0,0,0,0,0,0,1,-1,1,0,0,0,0,0,0,0,0,0,1,-5,1,0,0,0,0,0,0,0,0,0,1,-1 | {151315131\overset{\textcolor{red}{1}}{5}} | NHC_OK
118 | NN | NM:51232151:1:-1:1 | 8 | 0 | 0 | -41 | 0 | (0,8,1) | 9 | -5,1,0,0,0,0,0,0,1,1,-1,1,0,0,0,0,0,0,0,1,-2,1,0,0,0,0,0,0,0,1,-3,1,0,0,0,0,0,0,0,1,-2,1,0,0,0,0,0,0,0,1,-1,1,0,0,0,0,0,0,0,1,-5,1,0,0,0,0,0,0,0,1,-1,0,1,0,0,0,0,0,0,0,-1 | {\overset{\textcolor{red}{1}}{5}1232151} | NHC_OK
# Summary: 119 entries written
# NHC pass: 119, NHC fail: 53
