0,1,0 | 4,11,4 | S=(0,0);(0,1);(2,2) | I=(2,0) | sp=1,1,1 | ip=1
0,1,0 | 6,22,6 | S=(0,0);(0,1);(2,2) | I=(2,0) | sp=1,1,97 | ip=1
0,1,0 | 6,22,6 | S=(0,0);(0,1);(2,2) | I=(2,0) | sp=1,1,958 | ip=1
0,1,0 | 6,22,6 | S=(0,0);(0,1);(2,2) | I=(2,0) | sp=1,22,22 | ip=1
0,1,0 | 6,22,6 | S=(0,0);(0,1);(2,2) | I=(2,0) | sp=1,882,22 | ip=1
0,1,0 | 6,22,6 | S=(0,0);(0,1);(2,2) | I=(2,0) | sp=22,912,1 | ip=1
0,1,0 | 6,22,6 | S=(0,0);(0,1);(2,2) | I=(2,0) | sp=1,882,1 | ip=882
0,1,0 | 6,22,6 | S=(0,0);(0,1);(2,2) | I=(2,0) | sp=1,1,912 | ip=882
0,1,0 | 6,22,6 | S=(0,0);(0,1);(2,2) | I=(2,0) | sp=1,912,934 | ip=1
0,1,0 | 6,22,6 | S=(0,0);(0,1);(2,2) | I=(2,0) | sp=912,912,22 | ip=1
0,1,0 | 6,22,6 | S=(0,0);(0,1);(2,2) | I=(2,0) | sp=912,912,1 | ip=882
0,1,0 | 6,33,6 | S=(0,0);(0,1);(2,2) | I=(2,0) | sp=1,1,1 | ip=1
0,1,0 | 6,331,6 | S=(0,0);(0,1);(2,2) | I=(2,0) | sp=1,1,1 | ip=1
0,1,0 | 6,33,7 | S=(0,0);(0,1);(2,2) | I=(2,0) | sp=1,1,1 | ip=882
0,1,0 | 6,33,7 | S=(0,0);(0,1);(2,2) | I=(2,0) | sp=1,912,1 | ip=1
0,1,0 | 6,34,7 | S=(0,0);(0,1);(2,2) | I=(2,0) | sp=1,1,1 | ip=1
0,1,0 | 6,33,8 | S=(0,0);(0,1);(2,2) | I=(2,0) | sp=1,1,23 | ip=1
0,1,0 | 6,33,8 | S=(0,0);(0,1);(2,2) | I=(2,0) | sp=1,1,33 | ip=1
0,1,0 | 6,33,8 | S=(0,0);(0,1);(2,2) | I=(2,0) | sp=1,1,1 | ip=883
0,1,0 | 6,33,8 | S=(0,0);(0,1);(2,2) | I=(2,0) | sp=1,1,882 | ip=882
0,1,0 | 6,33,8 | S=(0,0);(0,1);(2,2) | I=(2,0) | sp=1,912,1 | ip=882
0,1,0 | 6,34,8 | S=(0,0);(0,1);(2,2) | I=(2,0) | sp=1,1,1 | ip=882
0,1,0 | 6,34,8 | S=(0,0);(0,1);(2,2) | I=(2,0) | sp=1,912,1 | ip=1
0,1,0 | 6,35,8 | S=(0,0);(0,1);(2,2) | I=(2,0) | sp=1,1,1 | ip=1
0,1,0 | 6,35,12 | S=(0,0);(0,1);(2,2) | I=(2,0) | sp=1,1,35 | ip=1
0,1,0 | 6,35,12 | S=(0,0);(0,1);(2,2) | I=(2,0) | sp=1,1,45 | ip=1
0,1,0 | 6,35,12 | S=(0,0);(0,1);(2,2) | I=(2,0) | sp=1,1,55 | ip=1
0,1,0 | 6,35,12 | S=(0,0);(0,1);(2,2) | I=(2,0) | sp=1,1,96 | ip=1
0,1,0 | 6,35,12 | S=(0,0);(0,1);(2,2) | I=(2,0) | sp=1,1,885 | ip=1
0,1,0 | 6,35,12 | S=(0,0);(0,1);(2,2) | I=(2,0) | sp=1,1,945 | ip=1
0,1,0 | 6,35,12 | S=(0,0);(0,1);(2,2) | I=(2,0) | sp=1,1,99930 | ip=1
0,1,0 | 6,35,12 | S=(0,0);(0,1);(2,2) | I=(2,0) | sp=1,1,24 | ip=882
0,1,0 | 6,35,12 | S=(0,0);(0,1);(2,2) | I=(2,0) | sp=1,912,24 | ip=1
0,1,0 | 6,35,12 | S=(0,0);(0,1);(2,2) | I=(2,0) | sp=1,1,884 | ip=882
0,1,0 | 6,35,12 | S=(0,0);(0,1);(2,2) | I=(2,0) | sp=1,1,883 | ip=883
0,1,0 | 6,35,12 | S=(0,0);(0,1);(2,2) | I=(2,0) | sp=1,912,884 | ip=1
0,1,0 | 6,35,12 | S=(0,0);(0,1);(2,2) | I=(2,0) | sp=1,912,882 | ip=883
0,1,0 | 7,33,7 | S=(0,0);(0,1);(2,2) | I=(2,0) | sp=1,1,97 | ip=1
0,1,0 | 7,33,7 | S=(0,0);(0,1);(2,2) | I=(2,0) | sp=1,882,1 | ip=882
0,1,0 | 7,44,7 | S=(0,0);(0,1);(2,2) | I=(2,0) | sp=1,1,1 | ip=1
0,1,0 | 7,33,8 | S=(0,0);(0,1);(2,2) | I=(2,0) | sp=1,1,93 | ip=1
0,1,0 | 7,33,8 | S=(0,0);(0,1);(2,2) | I=(2,0) | sp=1,98,1 | ip=1
0,1,0 | 7,33,8 | S=(0,0);(0,1);(2,2) | I=(2,0) | sp=1,1,925 | ip=1
0,1,0 | 7,33,8 | S=(0,0);(0,1);(2,2) | I=(2,0) | sp=1,1,9913 | ip=1
0,1,0 | 7,33,8 | S=(0,0);(0,1);(2,2) | I=(2,0) | sp=1,882,23 | ip=1
0,1,0 | 7,33,8 | S=(0,0);(0,1);(2,2) | I=(2,0) | sp=1,882,33 | ip=1
0,1,0 | 7,33,8 | S=(0,0);(0,1);(2,2) | I=(2,0) | sp=1,1,97 | ip=882
0,1,0 | 7,33,8 | S=(0,0);(0,1);(2,2) | I=(2,0) | sp=1,97,1 | ip=882
0,1,0 | 7,33,8 | S=(0,0);(0,1);(2,2) | I=(2,0) | sp=1,882,1 | ip=883
0,1,0 | 7,33,8 | S=(0,0);(0,1);(2,2) | I=(2,0) | sp=1,882,882 | ip=882
0,1,0 | 7,44,8 | S=(0,0);(0,1);(2,2) | I=(2,0) | sp=1,1,1 | ip=882
0,1,0 | 7,45,8 | S=(0,0);(0,1);(2,2) | I=(2,0) | sp=1,1,1 | ip=1
0,1,0 | 7,45,12 | S=(0,0);(0,1);(2,2) | I=(2,0) | sp=1,1,35 | ip=1
0,1,0 | 7,45,12 | S=(0,0);(0,1);(2,2) | I=(2,0) | sp=1,1,45 | ip=1
0,1,0 | 7,45,12 | S=(0,0);(0,1);(2,2) | I=(2,0) | sp=1,1,55 | ip=1
0,1,0 | 7,45,12 | S=(0,0);(0,1);(2,2) | I=(2,0) | sp=1,1,96 | ip=1
0,1,0 | 7,45,12 | S=(0,0);(0,1);(2,2) | I=(2,0) | sp=1,1,885 | ip=1
0,1,0 | 7,45,12 | S=(0,0);(0,1);(2,2) | I=(2,0) | sp=1,1,945 | ip=1
0,1,0 | 7,45,12 | S=(0,0);(0,1);(2,2) | I=(2,0) | sp=1,1,99930 | ip=1
0,1,0 | 7,45,12 | S=(0,0);(0,1);(2,2) | I=(2,0) | sp=1,1,24 | ip=882
0,1,0 | 7,45,12 | S=(0,0);(0,1);(2,2) | I=(2,0) | sp=1,1,884 | ip=882
0,1,0 | 7,45,12 | S=(0,0);(0,1);(2,2) | I=(2,0) | sp=1,1,883 | ip=883
0,1,0 | 8,33,8 | S=(0,0);(0,1);(2,2) | I=(2,0) | sp=1,1,929 | ip=1
0,1,0 | 8,33,8 | S=(0,0);(0,1);(2,2) | I=(2,0) | sp=1,23,23 | ip=1
0,1,0 | 8,33,8 | S=(0,0);(0,1);(2,2) | I=(2,0) | sp=1,23,33 | ip=1
0,1,0 | 8,33,8 | S=(0,0);(0,1);(2,2) | I=(2,0) | sp=1,883,23 | ip=1
0,1,0 | 8,33,8 | S=(0,0);(0,1);(2,2) | I=(2,0) | sp=1,33,33 | ip=1
0,1,0 | 8,33,8 | S=(0,0);(0,1);(2,2) | I=(2,0) | sp=1,883,33 | ip=1
0,1,0 | 8,33,8 | S=(0,0);(0,1);(2,2) | I=(2,0) | sp=1,882,93 | ip=1
0,1,0 | 8,33,8 | S=(0,0);(0,1);(2,2) | I=(2,0) | sp=1,97,924 | ip=1
0,1,0 | 8,33,8 | S=(0,0);(0,1);(2,2) | I=(2,0) | sp=1,1,98 | ip=882
0,1,0 | 8,33,8 | S=(0,0);(0,1);(2,2) | I=(2,0) | sp=1,882,925 | ip=1
0,1,0 | 8,33,8 | S=(0,0);(0,1);(2,2) | I=(2,0) | sp=1,882,9913 | ip=1
0,1,0 | 8,33,8 | S=(0,0);(0,1);(2,2) | I=(2,0) | sp=1,883,1 | ip=883
0,1,0 | 8,33,8 | S=(0,0);(0,1);(2,2) | I=(2,0) | sp=1,23,882 | ip=882
0,1,0 | 8,33,8 | S=(0,0);(0,1);(2,2) | I=(2,0) | sp=1,33,882 | ip=882
0,1,0 | 8,33,8 | S=(0,0);(0,1);(2,2) | I=(2,0) | sp=1,882,97 | ip=882
0,1,0 | 8,33,8 | S=(0,0);(0,1);(2,2) | I=(2,0) | sp=1,883,882 | ip=882
0,1,0 | 8,33,8 | S=(0,0);(0,1);(2,2) | I=(2,0) | sp=882,882,882 | ip=882
0,1,0 | 8,44,8 | S=(0,0);(0,1);(2,2) | I=(2,0) | sp=1,1,97 | ip=1
0,1,0 | 8,44,8 | S=(0,0);(0,1);(2,2) | I=(2,0) | sp=1,882,1 | ip=882
0,1,0 | 8,54,8 | S=(0,0);(0,1);(2,2) | I=(2,0) | sp=1,1,1 | ip=882
0,1,0 | 8,55,8 | S=(0,0);(0,1);(2,2) | I=(2,0) | sp=1,1,1 | ip=1
0,1,0 | 8,45,12 | S=(0,0);(0,1);(2,2) | I=(2,0) | sp=1,1,947 | ip=1
0,1,0 | 8,45,12 | S=(0,0);(0,1);(2,2) | I=(2,0) | sp=1,97,24 | ip=1
0,1,0 | 8,45,12 | S=(0,0);(0,1);(2,2) | I=(2,0) | sp=1,882,35 | ip=1
0,1,0 | 8,45,12 | S=(0,0);(0,1);(2,2) | I=(2,0) | sp=1,882,45 | ip=1
0,1,0 | 8,45,12 | S=(0,0);(0,1);(2,2) | I=(2,0) | sp=1,882,55 | ip=1
0,1,0 | 8,45,12 | S=(0,0);(0,1);(2,2) | I=(2,0) | sp=1,1,93 | ip=883
0,1,0 | 8,45,12 | S=(0,0);(0,1);(2,2) | I=(2,0) | sp=1,882,96 | ip=1
0,1,0 | 8,45,12 | S=(0,0);(0,1);(2,2) | I=(2,0) | sp=1,97,884 | ip=1
0,1,0 | 8,45,12 | S=(0,0);(0,1);(2,2) | I=(2,0) | sp=1,98,1 | ip=883
0,1,0 | 8,45,12 | S=(0,0);(0,1);(2,2) | I=(2,0) | sp=1,882,885 | ip=1
0,1,0 | 8,45,12 | S=(0,0);(0,1);(2,2) | I=(2,0) | sp=1,882,945 | ip=1
0,1,0 | 8,45,12 | S=(0,0);(0,1);(2,2) | I=(2,0) | sp=1,1,9912 | ip=882
0,1,0 | 8,45,12 | S=(0,0);(0,1);(2,2) | I=(2,0) | sp=1,882,99930 | ip=1
0,1,0 | 8,45,12 | S=(0,0);(0,1);(2,2) | I=(2,0) | sp=1,882,24 | ip=882
0,1,0 | 8,45,12 | S=(0,0);(0,1);(2,2) | I=(2,0) | sp=1,97,882 | ip=883
0,1,0 | 8,45,12 | S=(0,0);(0,1);(2,2) | I=(2,0) | sp=1,98,882 | ip=882
0,1,0 | 8,45,12 | S=(0,0);(0,1);(2,2) | I=(2,0) | sp=1,882,884 | ip=882
0,1,0 | 8,45,12 | S=(0,0);(0,1);(2,2) | I=(2,0) | sp=1,882,883 | ip=883
0,1,0 | 8,55,12 | S=(0,0);(0,1);(2,2) | I=(2,0) | sp=1,1,35 | ip=1
0,1,0 | 8,55,12 | S=(0,0);(0,1);(2,2) | I=(2,0) | sp=1,1,45 | ip=1
0,1,0 | 8,55,12 | S=(0,0);(0,1);(2,2) | I=(2,0) | sp=1,1,55 | ip=1
0,1,0 | 8,55,12 | S=(0,0);(0,1);(2,2) | I=(2,0) | sp=1,1,96 | ip=1
0,1,0 | 8,55,12 | S=(0,0);(0,1);(2,2) | I=(2,0) | sp=1,1,885 | ip=1
0,1,0 | 8,55,12 | S=(0,0);(0,1);(2,2) | I=(2,0) | sp=1,1,945 | ip=1
0,1,0 | 8,55,12 | S=(0,0);(0,1);(2,2) | I=(2,0) | sp=1,1,99930 | ip=1
0,1,0 | 8,55,12 | S=(0,0);(0,1);(2,2) | I=(2,0) | sp=1,1,24 | ip=882
0,1,0 | 8,55,12 | S=(0,0);(0,1);(2,2) | I=(2,0) | sp=1,1,884 | ip=882
0,1,0 | 8,55,12 | S=(0,0);(0,1);(2,2) | I=(2,0) | sp=1,1,883 | ip=883
0,1,0 | 12,55,12 | S=(0,0);(0,1);(2,2) | I=(2,0) | sp=1,24,947 | ip=1
0,1,0 | 12,55,12 | S=(0,0);(0,1);(2,2) | I=(2,0) | sp=1,35,35 | ip=1
0,1,0 | 12,55,12 | S=(0,0);(0,1);(2,2) | I=(2,0) | sp=1,35,45 | ip=1
0,1,0 | 12,55,12 | S=(0,0);(0,1);(2,2) | I=(2,0) | sp=1,35,55 | ip=1
0,1,0 | 12,55,12 | S=(0,0);(0,1);(2,2) | I=(2,0) | sp=1,96,35 | ip=1
0,1,0 | 12,55,12 | S=(0,0);(0,1);(2,2) | I=(2,0) | sp=1,885,35 | ip=1
0,1,0 | 12,55,12 | S=(0,0);(0,1);(2,2) | I=(2,0) | sp=1,35,945 | ip=1
0,1,0 | 12,55,12 | S=(0,0);(0,1);(2,2) | I=(2,0) | sp=1,35,99930 | ip=1
0,1,0 | 12,55,12 | S=(0,0);(0,1);(2,2) | I=(2,0) | sp=1,45,45 | ip=1
0,1,0 | 12,55,12 | S=(0,0);(0,1);(2,2) | I=(2,0) | sp=1,45,55 | ip=1
0,1,0 | 12,55,12 | S=(0,0);(0,1);(2,2) | I=(2,0) | sp=1,96,45 | ip=1
0,1,0 | 12,55,12 | S=(0,0);(0,1);(2,2) | I=(2,0) | sp=1,885,45 | ip=1
0,1,0 | 12,55,12 | S=(0,0);(0,1);(2,2) | I=(2,0) | sp=1,45,945 | ip=1
0,1,0 | 12,55,12 | S=(0,0);(0,1);(2,2) | I=(2,0) | sp=1,45,99930 | ip=1
0,1,0 | 12,55,12 | S=(0,0);(0,1);(2,2) | I=(2,0) | sp=1,55,55 | ip=1
0,1,0 | 12,55,12 | S=(0,0);(0,1);(2,2) | I=(2,0) | sp=1,96,55 | ip=1
0,1,0 | 12,55,12 | S=(0,0);(0,1);(2,2) | I=(2,0) | sp=1,885,55 | ip=1
0,1,0 | 12,55,12 | S=(0,0);(0,1);(2,2) | I=(2,0) | sp=1,55,945 | ip=1
0,1,0 | 12,55,12 | S=(0,0);(0,1);(2,2) | I=(2,0) | sp=1,55,99930 | ip=1
0,1,0 | 12,55,12 | S=(0,0);(0,1);(2,2) | I=(2,0) | sp=1,96,96 | ip=1
0,1,0 | 12,55,12 | S=(0,0);(0,1);(2,2) | I=(2,0) | sp=1,885,96 | ip=1
0,1,0 | 12,55,12 | S=(0,0);(0,1);(2,2) | I=(2,0) | sp=1,96,945 | ip=1
0,1,0 | 12,55,12 | S=(0,0);(0,1);(2,2) | I=(2,0) | sp=1,96,99930 | ip=1
0,1,0 | 12,55,12 | S=(0,0);(0,1);(2,2) | I=(2,0) | sp=1,1,921 | ip=882
0,1,0 | 12,55,12 | S=(0,0);(0,1);(2,2) | I=(2,0) | sp=1,884,947 | ip=1
0,1,0 | 12,55,12 | S=(0,0);(0,1);(2,2) | I=(2,0) | sp=1,885,885 | ip=1
0,1,0 | 12,55,12 | S=(0,0);(0,1);(2,2) | I=(2,0) | sp=1,885,945 | ip=1
0,1,0 | 12,55,12 | S=(0,0);(0,1);(2,2) | I=(2,0) | sp=1,885,99930 | ip=1
0,1,0 | 12,55,12 | S=(0,0);(0,1);(2,2) | I=(2,0) | sp=1,945,945 | ip=1
0,1,0 | 12,55,12 | S=(0,0);(0,1);(2,2) | I=(2,0) | sp=1,99930,945 | ip=1
0,1,0 | 12,55,12 | S=(0,0);(0,1);(2,2) | I=(2,0) | sp=1,99930,99930 | ip=1
0,1,0 | 12,55,12 | S=(0,0);(0,1);(2,2) | I=(2,0) | sp=1,35,24 | ip=882
0,1,0 | 12,55,12 | S=(0,0);(0,1);(2,2) | I=(2,0) | sp=1,45,24 | ip=882
0,1,0 | 12,55,12 | S=(0,0);(0,1);(2,2) | I=(2,0) | sp=1,55,24 | ip=882
0,1,0 | 12,55,12 | S=(0,0);(0,1);(2,2) | I=(2,0) | sp=1,24,93 | ip=883
0,1,0 | 12,55,12 | S=(0,0);(0,1);(2,2) | I=(2,0) | sp=1,96,24 | ip=882
0,1,0 | 12,55,12 | S=(0,0);(0,1);(2,2) | I=(2,0) | sp=1,885,24 | ip=882
0,1,0 | 12,55,12 | S=(0,0);(0,1);(2,2) | I=(2,0) | sp=1,945,24 | ip=882
0,1,0 | 12,55,12 | S=(0,0);(0,1);(2,2) | I=(2,0) | sp=1,24,9912 | ip=882
0,1,0 | 12,55,12 | S=(0,0);(0,1);(2,2) | I=(2,0) | sp=1,99930,24 | ip=882
0,1,0 | 12,55,12 | S=(0,0);(0,1);(2,2) | I=(2,0) | sp=1,35,884 | ip=882
0,1,0 | 12,55,12 | S=(0,0);(0,1);(2,2) | I=(2,0) | sp=1,35,883 | ip=883
0,1,0 | 12,55,12 | S=(0,0);(0,1);(2,2) | I=(2,0) | sp=1,45,884 | ip=882
0,1,0 | 12,55,12 | S=(0,0);(0,1);(2,2) | I=(2,0) | sp=1,45,883 | ip=883
0,1,0 | 12,55,12 | S=(0,0);(0,1);(2,2) | I=(2,0) | sp=1,55,884 | ip=882
0,1,0 | 12,55,12 | S=(0,0);(0,1);(2,2) | I=(2,0) | sp=1,55,883 | ip=883
0,1,0 | 12,55,12 | S=(0,0);(0,1);(2,2) | I=(2,0) | sp=1,884,93 | ip=883
0,1,0 | 12,55,12 | S=(0,0);(0,1);(2,2) | I=(2,0) | sp=1,96,884 | ip=882
0,1,0 | 12,55,12 | S=(0,0);(0,1);(2,2) | I=(2,0) | sp=1,96,883 | ip=883
0,1,0 | 12,55,12 | S=(0,0);(0,1);(2,2) | I=(2,0) | sp=1,882,920 | ip=882
0,1,0 | 12,55,12 | S=(0,0);(0,1);(2,2) | I=(2,0) | sp=1,883,922 | ip=882
0,1,0 | 12,55,12 | S=(0,0);(0,1);(2,2) | I=(2,0) | sp=1,947,882 | ip=883
0,1,0 | 12,55,12 | S=(0,0);(0,1);(2,2) | I=(2,0) | sp=1,885,884 | ip=882
0,1,0 | 12,55,12 | S=(0,0);(0,1);(2,2) | I=(2,0) | sp=1,945,884 | ip=882
0,1,0 | 12,55,12 | S=(0,0);(0,1);(2,2) | I=(2,0) | sp=1,884,9912 | ip=882
0,1,0 | 12,55,12 | S=(0,0);(0,1);(2,2) | I=(2,0) | sp=1,99930,884 | ip=882
0,1,0 | 12,55,12 | S=(0,0);(0,1);(2,2) | I=(2,0) | sp=1,9912,918 | ip=882
0,1,0 | 12,55,12 | S=(0,0);(0,1);(2,2) | I=(2,0) | sp=1,885,883 | ip=883
0,1,0 | 12,55,12 | S=(0,0);(0,1);(2,2) | I=(2,0) | sp=1,945,883 | ip=883
0,1,0 | 12,55,12 | S=(0,0);(0,1);(2,2) | I=(2,0) | sp=1,99930,883 | ip=883
0,1,0 | 12,55,12 | S=(0,0);(0,1);(2,2) | I=(2,0) | sp=882,24,24 | ip=882
0,1,0 | 12,55,12 | S=(0,0);(0,1);(2,2) | I=(2,0) | sp=882,884,24 | ip=882
0,1,0 | 12,55,12 | S=(0,0);(0,1);(2,2) | I=(2,0) | sp=882,24,883 | ip=883
0,1,0 | 12,55,12 | S=(0,0);(0,1);(2,2) | I=(2,0) | sp=882,93,918 | ip=882
0,1,0 | 12,55,12 | S=(0,0);(0,1);(2,2) | I=(2,0) | sp=882,883,93 | ip=883
0,1,0 | 12,55,12 | S=(0,0);(0,1);(2,2) | I=(2,0) | sp=882,882,922 | ip=882
0,1,0 | 12,55,12 | S=(0,0);(0,1);(2,2) | I=(2,0) | sp=882,883,9912 | ip=882
0,1,0 | 12,55,12 | S=(0,0);(0,1);(2,2) | I=(2,0) | sp=882,884,884 | ip=882
0,1,0 | 12,55,12 | S=(0,0);(0,1);(2,2) | I=(2,0) | sp=882,884,883 | ip=883
0,1,0 | 12,55,12 | S=(0,0);(0,1);(2,2) | I=(2,0) | sp=883,883,883 | ip=883
